0.000,0.419,0.010,0.034,0.048,0.344,0.024,0.017,0.021,0.076,0.072,0.264,0.039,0.071,0.038,0.023,0.021,0.422,0.022,0.011,0.343,0.071,0.039,0.007,0.127,0.137,0.245,0.029,0.358,0.344,0.043,0.189,0.221,0.095,0.245,0.431,0.133,0.137,0.125,0.042,0.263,0.071,0.056,0.189,0.578,0.021,0.045,0.191,0.038,0.324,0.092,0.026,0.051,0.293,0.071,0.051,0.295,0.095,0.295,0.100,0.293,0.120,0.319,0.768,0.156,0.064,0.405,0.323,0.437,0.322,0.821,0.661,0.176,0.056,0.427,0.236,0.048,0.026,0.052,0.064,0.637,0.292,0.339,0.428,0.418,0.046,0.176,0.277,0.156,0.029,0.420,0.043,0.094,0.340,0.070,0.013,0.041,0.294,0.064,0.022,0.630,0.435,0.436,0.436,0.023,0.346,0.437,0.436,0.192,0.092,0.436,0.566,0.324,0.425,0.343,0.019,0.401,0.007,0.027,0.419,0.289,0.133,0.559,0.056,0.118,0.083,0.335,0.488,0.092,0.298,0.514,0.328,0.090,0.265,0.419,0.255,0.299,0.328,0.298,0.327,0.589,0.081,0.426,0.331,0.114,0.139,0.071,0.037,0.429,0.001
0.419,0.000,0.416,0.410,0.407,0.427,0.404,0.420,0.411,0.387,0.388,0.469,0.382,0.348,0.383,0.403,0.410,0.495,0.423,0.416,0.427,0.482,0.381,0.420,0.539,0.548,0.658,0.411,0.770,0.609,0.409,0.358,0.368,0.327,0.658,0.790,0.550,0.548,0.536,0.405,0.394,0.482,0.466,0.358,0.162,0.420,0.410,0.539,0.382,0.737,0.330,0.426,0.436,0.126,0.444,0.429,0.133,0.455,0.133,0.478,0.127,0.467,0.592,0.363,0.488,0.405,0.587,0.736,0.124,0.595,0.538,0.668,0.265,0.374,0.066,0.577,0.407,0.412,0.385,0.411,0.673,0.128,0.080,0.070,0.002,0.407,0.501,0.476,0.488,0.398,0.002,0.414,0.455,0.079,0.444,0.415,0.432,0.125,0.442,0.419,0.239,0.367,0.366,0.366,0.412,0.427,0.367,0.367,0.228,0.485,0.367,0.909,0.470,0.512,0.433,0.413,0.585,0.415,0.398,0.002,0.139,0.487,0.609,0.376,0.466,0.353,0.620,0.902,0.485,0.130,0.459,0.102,0.452,0.394,0.037,0.640,0.130,0.102,0.131,0.107,0.173,0.401,0.068,0.104,0.309,0.281,0.348,0.409,0.011,0.418
0.010,0.416,0.000,0.024,0.038,0.352,0.015,0.008,0.011,0.083,0.080,0.254,0.034,0.068,0.033,0.015,0.011,0.430,0.013,0.001,0.351,0.070,0.039,0.005,0.126,0.136,0.246,0.018,0.358,0.355,0.032,0.196,0.228,0.095,0.246,0.440,0.134,0.136,0.124,0.031,0.270,0.069,0.054,0.196,0.575,0.012,0.035,0.201,0.038,0.325,0.092,0.036,0.062,0.290,0.081,0.062,0.293,0.105,0.294,0.110,0.289,0.130,0.330,0.767,0.167,0.054,0.415,0.323,0.431,0.333,0.824,0.669,0.170,0.048,0.425,0.246,0.037,0.016,0.043,0.053,0.646,0.288,0.336,0.426,0.415,0.035,0.186,0.267,0.166,0.021,0.417,0.033,0.104,0.337,0.081,0.003,0.052,0.291,0.075,0.013,0.625,0.441,0.442,0.442,0.013,0.354,0.442,0.442,0.188,0.088,0.442,0.576,0.333,0.433,0.351,0.008,0.411,0.004,0.019,0.416,0.288,0.143,0.568,0.048,0.128,0.075,0.327,0.489,0.087,0.294,0.504,0.324,0.100,0.272,0.415,0.264,0.297,0.324,0.293,0.326,0.585,0.090,0.424,0.329,0.109,0.137,0.068,0.027,0.426,0.010
0.034,0.410,0.024,0.000,0.014,0.371,0.015,0.019,0.013,0.102,0.099,0.230,0.033,0.066,0.033,0.017,0.014,0.450,0.018,0.023,0.370,0.072,0.050,0.028,0.129,0.138,0.248,0.006,0.360,0.378,0.008,0.214,0.246,0.099,0.248,0.461,0.140,0.138,0.126,0.008,0.289,0.072,0.056,0.213,0.567,0.016,0.011,0.224,0.049,0.328,0.097,0.060,0.085,0.284,0.105,0.085,0.291,0.129,0.292,0.133,0.283,0.154,0.353,0.765,0.191,0.030,0.438,0.326,0.419,0.357,0.832,0.689,0.157,0.036,0.423,0.269,0.014,0.008,0.026,0.030,0.666,0.282,0.330,0.425,0.409,0.011,0.210,0.244,0.190,0.018,0.412,0.010,0.128,0.331,0.105,0.021,0.075,0.285,0.099,0.014,0.614,0.455,0.456,0.456,0.011,0.373,0.456,0.456,0.182,0.080,0.456,0.597,0.354,0.454,0.371,0.016,0.434,0.028,0.020,0.410,0.286,0.167,0.588,0.034,0.152,0.060,0.309,0.492,0.080,0.285,0.481,0.315,0.124,0.291,0.407,0.284,0.295,0.315,0.285,0.324,0.577,0.111,0.422,0.327,0.101,0.135,0.067,0.003,0.421,0.034
0.048,0.407,0.038,0.014,0.000,0.382,0.027,0.032,0.027,0.114,0.111,0.217,0.040,0.069,0.040,0.029,0.027,0.462,0.030,0.037,0.381,0.077,0.059,0.042,0.132,0.142,0.251,0.019,0.362,0.392,0.005,0.224,0.257,0.104,0.251,0.474,0.146,0.141,0.130,0.007,0.300,0.076,0.062,0.223,0.564,0.029,0.003,0.238,0.058,0.330,0.101,0.074,0.099,0.281,0.119,0.099,0.291,0.143,0.292,0.147,0.281,0.168,0.367,0.764,0.204,0.016,0.451,0.328,0.412,0.370,0.837,0.701,0.150,0.034,0.422,0.283,0.000,0.022,0.022,0.017,0.678,0.280,0.327,0.424,0.406,0.002,0.224,0.230,0.204,0.028,0.409,0.008,0.142,0.328,0.118,0.035,0.089,0.282,0.112,0.027,0.608,0.464,0.464,0.465,0.025,0.384,0.465,0.464,0.179,0.079,0.464,0.609,0.366,0.466,0.382,0.029,0.447,0.041,0.031,0.407,0.285,0.181,0.600,0.032,0.166,0.054,0.298,0.494,0.079,0.281,0.468,0.311,0.138,0.302,0.403,0.296,0.295,0.311,0.280,0.323,0.573,0.124,0.422,0.327,0.099,0.136,0.070,0.011,0.418,0.048
0.344,0.427,0.352,0.371,0.382,0.000,0.356,0.360,0.359,0.268,0.272,0.588,0.344,0.329,0.343,0.354,0.358,0.085,0.365,0.353,0.001,0.402,0.323,0.350,0.442,0.449,0.533,0.366,0.630,0.225,0.378,0.159,0.126,0.298,0.533,0.446,0.432,0.449,0.440,0.374,0.081,0.402,0.392,0.160,0.565,0.364,0.381,0.272,0.324,0.597,0.299,0.324,0.305,0.363,0.292,0.300,0.319,0.277,0.318,0.296,0.364,0.262,0.220,0.652,0.245,0.395,0.164,0.596,0.526,0.222,0.559,0.320,0.386,0.360,0.383,0.278,0.381,0.364,0.369,0.398,0.302,0.364,0.384,0.381,0.428,0.379,0.238,0.601,0.245,0.354,0.429,0.381,0.278,0.384,0.293,0.353,0.313,0.365,0.297,0.364,0.661,0.144,0.145,0.146,0.361,0.003,0.146,0.145,0.339,0.432,0.145,0.534,0.062,0.095,0.006,0.358,0.163,0.348,0.351,0.429,0.316,0.269,0.224,0.363,0.264,0.370,0.679,0.742,0.432,0.395,0.766,0.407,0.279,0.079,0.454,0.370,0.320,0.406,0.394,0.330,0.577,0.263,0.381,0.331,0.342,0.308,0.328,0.373,0.433,0.343
0.024,0.404,0.015,0.015,0.027,0.356,0.000,0.016,0.007,0.088,0.085,0.244,0.022,0.057,0.022,0.002,0.006,0.436,0.019,0.015,0.355,0.079,0.036,0.021,0.136,0.146,0.256,0.011,0.368,0.367,0.022,0.199,0.231,0.088,0.256,0.455,0.146,0.146,0.134,0.019,0.275,0.078,0.063,0.198,0.562,0.016,0.025,0.215,0.034,0.335,0.085,0.049,0.074,0.278,0.094,0.074,0.283,0.118,0.284,0.124,0.277,0.143,0.342,0.757,0.179,0.042,0.424,0.333,0.417,0.345,0.820,0.675,0.156,0.033,0.415,0.260,0.026,0.010,0.028,0.043,0.652,0.276,0.324,0.416,0.403,0.024,0.199,0.257,0.179,0.006,0.406,0.025,0.117,0.325,0.093,0.013,0.065,0.279,0.088,0.015,0.611,0.441,0.442,0.442,0.008,0.358,0.442,0.442,0.176,0.092,0.442,0.591,0.340,0.439,0.356,0.010,0.421,0.018,0.007,0.404,0.277,0.157,0.574,0.033,0.141,0.060,0.323,0.499,0.091,0.281,0.490,0.311,0.113,0.277,0.402,0.279,0.287,0.311,0.280,0.315,0.572,0.097,0.414,0.319,0.096,0.126,0.057,0.017,0.415,0.024
0.017,0.420,0.008,0.019,0.032,0.360,0.016,0.000,0.009,0.091,0.088,0.247,0.037,0.072,0.037,0.017,0.010,0.438,0.005,0.007,0.359,0.064,0.046,0.010,0.121,0.131,0.241,0.014,0.353,0.360,0.027,0.204,0.236,0.101,0.241,0.443,0.130,0.131,0.119,0.027,0.278,0.063,0.048,0.204,0.578,0.004,0.029,0.205,0.045,0.320,0.098,0.042,0.067,0.294,0.087,0.068,0.298,0.111,0.299,0.114,0.293,0.136,0.335,0.772,0.173,0.048,0.422,0.318,0.433,0.339,0.831,0.677,0.171,0.049,0.430,0.250,0.032,0.012,0.042,0.047,0.653,0.292,0.339,0.431,0.419,0.030,0.192,0.261,0.172,0.022,0.421,0.027,0.110,0.340,0.087,0.007,0.058,0.295,0.081,0.005,0.627,0.449,0.450,0.450,0.009,0.362,0.450,0.449,0.192,0.080,0.450,0.578,0.341,0.441,0.359,0.006,0.418,0.012,0.022,0.420,0.293,0.148,0.576,0.048,0.134,0.075,0.319,0.484,0.080,0.297,0.500,0.327,0.106,0.280,0.418,0.266,0.302,0.327,0.296,0.331,0.588,0.098,0.429,0.334,0.112,0.142,0.073,0.022,0.430,0.017
0.021,0.411,0.011,0.013,0.027,0.359,0.007,0.009,0.000,0.091,0.087,0.244,0.029,0.064,0.029,0.008,0.002,0.438,0.011,0.010,0.358,0.072,0.041,0.016,0.129,0.139,0.248,0.008,0.361,0.365,0.022,0.203,0.235,0.094,0.249,0.451,0.138,0.139,0.126,0.021,0.278,0.071,0.056,0.202,0.570,0.009,0.025,0.212,0.040,0.328,0.092,0.047,0.072,0.285,0.092,0.072,0.290,0.116,0.291,0.121,0.285,0.141,0.340,0.764,0.178,0.043,0.424,0.326,0.424,0.343,0.826,0.677,0.162,0.040,0.422,0.257,0.027,0.006,0.033,0.043,0.654,0.284,0.331,0.424,0.410,0.025,0.197,0.257,0.177,0.014,0.413,0.023,0.115,0.332,0.091,0.008,0.062,0.286,0.086,0.008,0.618,0.446,0.446,0.447,0.002,0.361,0.447,0.446,0.183,0.085,0.447,0.586,0.341,0.442,0.359,0.003,0.421,0.014,0.014,0.412,0.285,0.154,0.576,0.039,0.139,0.067,0.320,0.492,0.085,0.288,0.494,0.318,0.111,0.280,0.409,0.274,0.294,0.318,0.287,0.323,0.580,0.098,0.421,0.326,0.103,0.134,0.065,0.016,0.422,0.021
0.076,0.387,0.083,0.102,0.114,0.268,0.088,0.091,0.091,0.000,0.003,0.328,0.079,0.079,0.079,0.086,0.089,0.348,0.096,0.084,0.268,0.142,0.057,0.083,0.192,0.201,0.304,0.098,0.415,0.296,0.110,0.114,0.145,0.070,0.305,0.420,0.192,0.201,0.190,0.107,0.187,0.142,0.129,0.113,0.548,0.095,0.113,0.165,0.058,0.381,0.068,0.061,0.055,0.266,0.058,0.047,0.255,0.069,0.256,0.091,0.266,0.087,0.272,0.722,0.118,0.129,0.342,0.379,0.426,0.275,0.752,0.587,0.183,0.098,0.384,0.210,0.114,0.096,0.104,0.131,0.564,0.265,0.310,0.384,0.386,0.112,0.136,0.342,0.118,0.086,0.388,0.113,0.069,0.310,0.058,0.085,0.056,0.267,0.057,0.096,0.612,0.361,0.361,0.362,0.092,0.271,0.362,0.361,0.174,0.167,0.361,0.550,0.252,0.352,0.268,0.089,0.338,0.080,0.084,0.387,0.250,0.106,0.486,0.101,0.086,0.117,0.410,0.542,0.167,0.279,0.554,0.307,0.066,0.189,0.393,0.256,0.259,0.307,0.279,0.286,0.559,0.017,0.382,0.290,0.116,0.115,0.078,0.105,0.397,0.076
0.072,0.388,0.080,0.099,0.111,0.272,0.085,0.088,0.087,0.003,0.000,0.325,0.076,0.077,0.076,0.083,0.086,0.351,0.093,0.081,0.271,0.138,0.054,0.079,0.189,0.198,0.302,0.094,0.412,0.298,0.106,0.117,0.148,0.070,0.302,0.420,0.189,0.198,0.187,0.104,0.191,0.138,0.125,0.116,0.549,0.092,0.110,0.166,0.055,0.378,0.068,0.058,0.052,0.267,0.056,0.045,0.257,0.069,0.257,0.090,0.266,0.087,0.273,0.724,0.119,0.126,0.344,0.377,0.426,0.277,0.756,0.590,0.182,0.096,0.385,0.210,0.111,0.093,0.102,0.127,0.567,0.266,0.311,0.386,0.387,0.109,0.138,0.339,0.119,0.083,0.390,0.110,0.069,0.311,0.056,0.082,0.053,0.268,0.055,0.092,0.612,0.364,0.365,0.365,0.089,0.274,0.365,0.364,0.174,0.164,0.365,0.550,0.255,0.355,0.272,0.086,0.341,0.076,0.080,0.389,0.251,0.107,0.489,0.098,0.086,0.115,0.407,0.540,0.164,0.280,0.552,0.307,0.065,0.193,0.394,0.255,0.260,0.307,0.279,0.288,0.560,0.018,0.384,0.291,0.115,0.115,0.077,0.102,0.398,0.072
0.264,0.469,0.254,0.230,0.217,0.588,0.244,0.247,0.244,0.328,0.325,0.000,0.249,0.260,0.250,0.245,0.244,0.671,0.243,0.253,0.588,0.245,0.271,0.257,0.261,0.265,0.329,0.236,0.411,0.606,0.222,0.429,0.462,0.291,0.329,0.656,0.285,0.264,0.260,0.224,0.508,0.245,0.243,0.429,0.595,0.243,0.219,0.446,0.270,0.390,0.290,0.289,0.314,0.366,0.334,0.315,0.400,0.358,0.402,0.357,0.364,0.383,0.581,0.827,0.419,0.201,0.668,0.388,0.412,0.584,0.976,0.908,0.236,0.231,0.511,0.488,0.217,0.238,0.224,0.201,0.889,0.363,0.401,0.514,0.467,0.219,0.438,0.013,0.418,0.243,0.470,0.221,0.357,0.402,0.333,0.251,0.305,0.365,0.327,0.242,0.600,0.648,0.648,0.648,0.242,0.590,0.649,0.648,0.293,0.214,0.648,0.792,0.580,0.677,0.589,0.246,0.664,0.258,0.246,0.468,0.397,0.393,0.811,0.228,0.380,0.219,0.154,0.530,0.214,0.345,0.299,0.369,0.353,0.510,0.448,0.479,0.404,0.369,0.344,0.427,0.601,0.339,0.511,0.430,0.251,0.292,0.260,0.227,0.479,0.264
0.039,0.382,0.034,0.033,0.040,0.344,0.022,0.037,0.029,0.079,0.076,0.249,0.000,0.035,0.001,0.021,0.028,0.425,0.041,0.034,0.343,0.101,0.022,0.039,0.158,0.168,0.278,0.032,0.390,0.368,0.037,0.186,0.218,0.066,0.278,0.467,0.167,0.168,0.156,0.033,0.263,0.100,0.085,0.185,0.541,0.038,0.040,0.222,0.021,0.357,0.064,0.058,0.080,0.256,0.099,0.078,0.261,0.122,0.262,0.132,0.256,0.146,0.343,0.735,0.183,0.052,0.420,0.355,0.398,0.347,0.799,0.663,0.138,0.021,0.393,0.267,0.039,0.031,0.025,0.055,0.642,0.255,0.302,0.394,0.381,0.037,0.202,0.262,0.182,0.016,0.384,0.042,0.121,0.303,0.099,0.032,0.072,0.257,0.093,0.037,0.592,0.424,0.425,0.425,0.030,0.346,0.425,0.424,0.154,0.113,0.425,0.601,0.331,0.430,0.344,0.031,0.417,0.034,0.016,0.383,0.255,0.162,0.564,0.023,0.144,0.046,0.338,0.522,0.113,0.260,0.484,0.290,0.117,0.265,0.381,0.293,0.265,0.290,0.260,0.293,0.551,0.091,0.392,0.297,0.075,0.104,0.035,0.034,0.393,0.038
0.071,0.348,0.068,0.066,0.069,0.329,0.057,0.072,0.064,0.079,0.077,0.260,0.035,0.000,0.035,0.056,0.062,0.412,0.075,0.068,0.328,0.136,0.036,0.072,0.193,0.203,0.313,0.066,0.425,0.375,0.068,0.170,0.203,0.036,0.313,0.489,0.202,0.203,0.191,0.064,0.248,0.135,0.120,0.169,0.508,0.073,0.070,0.238,0.036,0.392,0.034,0.083,0.101,0.222,0.117,0.096,0.226,0.137,0.227,0.152,0.222,0.160,0.350,0.700,0.194,0.076,0.418,0.390,0.368,0.354,0.768,0.649,0.111,0.036,0.358,0.283,0.069,0.066,0.048,0.081,0.629,0.221,0.268,0.360,0.347,0.068,0.213,0.273,0.194,0.051,0.350,0.073,0.137,0.269,0.117,0.067,0.094,0.224,0.112,0.072,0.560,0.399,0.400,0.400,0.065,0.331,0.401,0.400,0.121,0.146,0.400,0.621,0.322,0.418,0.330,0.066,0.414,0.067,0.050,0.349,0.221,0.178,0.551,0.039,0.158,0.041,0.361,0.556,0.146,0.228,0.475,0.257,0.133,0.250,0.348,0.317,0.230,0.257,0.227,0.259,0.518,0.095,0.357,0.262,0.045,0.070,0.001,0.067,0.359,0.070
0.038,0.383,0.033,0.033,0.040,0.343,0.022,0.037,0.029,0.079,0.076,0.250,0.001,0.035,0.000,0.021,0.027,0.425,0.041,0.034,0.343,0.101,0.021,0.038,0.158,0.168,0.278,0.031,0.390,0.368,0.037,0.185,0.218,0.066,0.278,0.467,0.167,0.168,0.156,0.033,0.262,0.100,0.085,0.184,0.542,0.038,0.040,0.221,0.020,0.357,0.064,0.057,0.080,0.257,0.098,0.077,0.261,0.121,0.262,0.132,0.256,0.146,0.343,0.735,0.182,0.052,0.419,0.355,0.398,0.346,0.799,0.663,0.138,0.022,0.393,0.266,0.040,0.031,0.026,0.055,0.642,0.255,0.302,0.394,0.382,0.038,0.201,0.263,0.182,0.016,0.384,0.042,0.121,0.303,0.098,0.032,0.071,0.258,0.093,0.037,0.592,0.424,0.424,0.425,0.030,0.346,0.425,0.424,0.155,0.113,0.425,0.601,0.331,0.429,0.344,0.031,0.416,0.033,0.015,0.383,0.256,0.161,0.564,0.024,0.144,0.047,0.338,0.521,0.113,0.261,0.485,0.290,0.116,0.264,0.382,0.292,0.265,0.290,0.260,0.294,0.552,0.091,0.392,0.297,0.076,0.104,0.035,0.034,0.393,0.038
0.023,0.403,0.015,0.017,0.029,0.354,0.002,0.017,0.008,0.086,0.083,0.245,0.021,0.056,0.021,0.000,0.007,0.434,0.020,0.015,0.353,0.080,0.034,0.020,0.137,0.147,0.257,0.013,0.369,0.365,0.024,0.197,0.229,0.086,0.257,0.455,0.147,0.147,0.135,0.021,0.273,0.080,0.064,0.196,0.562,0.017,0.027,0.213,0.033,0.336,0.083,0.048,0.073,0.277,0.093,0.072,0.282,0.116,0.283,0.123,0.277,0.141,0.340,0.756,0.178,0.044,0.422,0.334,0.417,0.343,0.818,0.673,0.155,0.033,0.414,0.259,0.028,0.011,0.029,0.045,0.650,0.276,0.323,0.415,0.402,0.026,0.197,0.259,0.177,0.006,0.405,0.027,0.115,0.324,0.092,0.013,0.063,0.278,0.086,0.017,0.611,0.439,0.440,0.440,0.009,0.356,0.440,0.440,0.175,0.093,0.440,0.590,0.338,0.437,0.354,0.010,0.419,0.017,0.005,0.404,0.276,0.155,0.572,0.033,0.139,0.060,0.325,0.501,0.093,0.280,0.491,0.310,0.111,0.275,0.402,0.279,0.286,0.310,0.280,0.314,0.572,0.095,0.413,0.318,0.095,0.125,0.056,0.019,0.414,0.023
0.021,0.410,0.011,0.014,0.027,0.358,0.006,0.010,0.002,0.089,0.086,0.244,0.028,0.062,0.027,0.007,0.000,0.437,0.013,0.010,0.357,0.073,0.039,0.016,0.130,0.140,0.250,0.009,0.362,0.365,0.022,0.201,0.233,0.093,0.250,0.451,0.140,0.140,0.128,0.021,0.276,0.073,0.057,0.200,0.568,0.010,0.025,0.212,0.038,0.330,0.090,0.046,0.072,0.284,0.092,0.072,0.288,0.115,0.289,0.121,0.283,0.141,0.340,0.762,0.177,0.044,0.424,0.328,0.422,0.343,0.824,0.676,0.161,0.039,0.421,0.257,0.027,0.007,0.033,0.044,0.653,0.282,0.329,0.422,0.409,0.025,0.197,0.258,0.177,0.012,0.411,0.024,0.115,0.330,0.091,0.008,0.062,0.285,0.085,0.010,0.617,0.444,0.445,0.445,0.003,0.360,0.446,0.445,0.181,0.087,0.445,0.586,0.340,0.440,0.358,0.004,0.420,0.014,0.012,0.410,0.283,0.154,0.575,0.038,0.138,0.065,0.321,0.494,0.087,0.287,0.493,0.316,0.111,0.278,0.408,0.275,0.293,0.316,0.286,0.321,0.578,0.097,0.420,0.325,0.102,0.132,0.063,0.017,0.420,0.021
0.422,0.495,0.430,0.450,0.462,0.085,0.436,0.438,0.438,0.348,0.351,0.671,0.425,0.412,0.425,0.434,0.437,0.000,0.443,0.432,0.085,0.476,0.403,0.429,0.512,0.519,0.595,0.446,0.686,0.233,0.458,0.242,0.209,0.381,0.595,0.455,0.501,0.519,0.511,0.455,0.163,0.477,0.467,0.243,0.622,0.442,0.461,0.325,0.405,0.655,0.382,0.401,0.381,0.441,0.366,0.376,0.396,0.348,0.394,0.364,0.442,0.330,0.236,0.683,0.307,0.476,0.136,0.654,0.600,0.237,0.544,0.239,0.471,0.442,0.445,0.320,0.462,0.444,0.450,0.478,0.218,0.442,0.459,0.442,0.495,0.460,0.297,0.684,0.308,0.434,0.496,0.461,0.349,0.459,0.366,0.432,0.389,0.443,0.371,0.443,0.724,0.159,0.160,0.161,0.440,0.083,0.160,0.159,0.423,0.508,0.160,0.523,0.104,0.020,0.082,0.437,0.137,0.427,0.431,0.497,0.393,0.334,0.140,0.445,0.332,0.453,0.757,0.791,0.508,0.474,0.849,0.484,0.351,0.161,0.524,0.411,0.396,0.483,0.473,0.403,0.635,0.341,0.442,0.404,0.426,0.392,0.411,0.453,0.499,0.422
0.022,0.423,0.013,0.018,0.030,0.365,0.019,0.005,0.011,0.096,0.093,0.243,0.041,0.075,0.041,0.020,0.013,0.443,0.000,0.012,0.364,0.060,0.051,0.015,0.117,0.127,0.237,0.013,0.349,0.364,0.025,0.210,0.241,0.105,0.237,0.444,0.127,0.127,0.115,0.026,0.283,0.060,0.044,0.209,0.581,0.003,0.027,0.208,0.050,0.316,0.103,0.046,0.071,0.297,0.091,0.072,0.302,0.115,0.302,0.117,0.296,0.140,0.339,0.775,0.176,0.046,0.426,0.315,0.434,0.342,0.836,0.682,0.173,0.050,0.434,0.253,0.030,0.012,0.042,0.044,0.658,0.295,0.342,0.435,0.422,0.028,0.195,0.257,0.176,0.025,0.424,0.024,0.114,0.343,0.090,0.012,0.061,0.298,0.084,0.004,0.629,0.454,0.455,0.455,0.011,0.367,0.455,0.454,0.194,0.075,0.455,0.579,0.345,0.446,0.364,0.010,0.422,0.017,0.025,0.423,0.296,0.152,0.580,0.049,0.137,0.076,0.314,0.481,0.075,0.299,0.498,0.329,0.110,0.285,0.421,0.267,0.306,0.329,0.299,0.334,0.591,0.103,0.433,0.338,0.115,0.145,0.076,0.020,0.433,0.022
0.011,0.416,0.001,0.023,0.037,0.353,0.015,0.007,0.010,0.084,0.081,0.253,0.034,0.068,0.034,0.015,0.010,0.432,0.012,0.000,0.352,0.069,0.040,0.006,0.126,0.136,0.245,0.017,0.358,0.356,0.031,0.198,0.229,0.096,0.245,0.441,0.134,0.136,0.124,0.031,0.272,0.069,0.053,0.197,0.575,0.011,0.034,0.201,0.039,0.324,0.093,0.037,0.062,0.290,0.082,0.063,0.294,0.106,0.294,0.111,0.290,0.131,0.330,0.767,0.168,0.053,0.416,0.323,0.431,0.334,0.825,0.670,0.170,0.048,0.426,0.247,0.036,0.015,0.043,0.052,0.647,0.289,0.336,0.427,0.415,0.034,0.187,0.266,0.167,0.020,0.418,0.032,0.105,0.337,0.082,0.002,0.053,0.291,0.076,0.012,0.625,0.442,0.443,0.443,0.012,0.355,0.443,0.443,0.188,0.087,0.443,0.576,0.334,0.434,0.353,0.007,0.412,0.005,0.019,0.417,0.288,0.144,0.569,0.048,0.129,0.075,0.326,0.489,0.086,0.294,0.504,0.324,0.101,0.274,0.415,0.264,0.298,0.324,0.294,0.326,0.585,0.091,0.425,0.330,0.109,0.137,0.068,0.026,0.427,0.011
0.343,0.427,0.351,0.370,0.381,0.001,0.355,0.359,0.358,0.268,0.271,0.588,0.343,0.328,0.343,0.353,0.357,0.085,0.364,0.352,0.000,0.401,0.322,0.350,0.441,0.448,0.532,0.365,0.629,0.225,0.377,0.158,0.125,0.297,0.532,0.446,0.432,0.448,0.440,0.374,0.081,0.401,0.391,0.159,0.565,0.363,0.380,0.271,0.323,0.596,0.298,0.323,0.305,0.362,0.291,0.300,0.319,0.276,0.318,0.295,0.363,0.261,0.219,0.652,0.244,0.395,0.164,0.595,0.526,0.221,0.560,0.321,0.386,0.359,0.383,0.278,0.381,0.363,0.368,0.397,0.302,0.364,0.384,0.381,0.428,0.379,0.238,0.601,0.244,0.353,0.429,0.380,0.277,0.384,0.292,0.353,0.312,0.364,0.296,0.363,0.662,0.145,0.146,0.147,0.360,0.004,0.146,0.145,0.339,0.431,0.146,0.533,0.061,0.096,0.006,0.357,0.163,0.347,0.350,0.429,0.316,0.268,0.225,0.362,0.263,0.369,0.678,0.741,0.431,0.394,0.765,0.406,0.278,0.079,0.454,0.369,0.319,0.406,0.394,0.330,0.577,0.262,0.381,0.331,0.342,0.307,0.327,0.372,0.433,0.343
0.071,0.482,0.070,0.072,0.077,0.402,0.079,0.064,0.072,0.142,0.138,0.245,0.101,0.136,0.101,0.080,0.073,0.476,0.060,0.069,0.401,0.000,0.109,0.067,0.057,0.067,0.177,0.071,0.289,0.368,0.075,0.254,0.283,0.165,0.177,0.416,0.069,0.067,0.055,0.078,0.322,0.001,0.016,0.253,0.640,0.063,0.074,0.203,0.108,0.256,0.162,0.081,0.097,0.356,0.111,0.102,0.362,0.130,0.363,0.121,0.355,0.152,0.343,0.836,0.185,0.085,0.443,0.254,0.489,0.345,0.891,0.714,0.227,0.108,0.494,0.244,0.077,0.071,0.097,0.080,0.687,0.354,0.402,0.495,0.481,0.077,0.202,0.258,0.184,0.085,0.484,0.070,0.129,0.403,0.110,0.070,0.090,0.357,0.105,0.064,0.685,0.502,0.503,0.503,0.071,0.404,0.503,0.503,0.254,0.034,0.503,0.552,0.375,0.477,0.401,0.070,0.439,0.072,0.085,0.482,0.356,0.157,0.610,0.106,0.150,0.131,0.285,0.421,0.035,0.358,0.523,0.387,0.127,0.324,0.479,0.237,0.366,0.387,0.357,0.394,0.649,0.142,0.493,0.398,0.174,0.205,0.136,0.073,0.493,0.072
0.039,0.381,0.039,0.050,0.059,0.323,0.036,0.046,0.041,0.057,0.054,0.271,0.022,0.036,0.021,0.034,0.039,0.403,0.051,0.040,0.322,0.109,0.000,0.042,0.165,0.175,0.284,0.046,0.396,0.348,0.056,0.165,0.197,0.057,0.284,0.454,0.172,0.175,0.163,0.052,0.241,0.108,0.093,0.164,0.541,0.049,0.059,0.205,0.001,0.363,0.054,0.047,0.066,0.256,0.083,0.062,0.256,0.105,0.257,0.118,0.255,0.128,0.323,0.730,0.164,0.073,0.398,0.361,0.403,0.327,0.785,0.642,0.147,0.042,0.388,0.250,0.059,0.045,0.047,0.075,0.620,0.254,0.301,0.389,0.380,0.057,0.183,0.284,0.163,0.032,0.383,0.060,0.104,0.302,0.082,0.040,0.058,0.257,0.078,0.049,0.595,0.405,0.406,0.406,0.043,0.325,0.407,0.406,0.155,0.126,0.406,0.587,0.309,0.408,0.323,0.041,0.395,0.037,0.030,0.382,0.251,0.145,0.542,0.044,0.126,0.064,0.358,0.527,0.126,0.263,0.503,0.292,0.100,0.243,0.382,0.281,0.260,0.292,0.262,0.288,0.552,0.070,0.387,0.292,0.081,0.101,0.036,0.052,0.392,0.038
0.007,0.420,0.005,0.028,0.042,0.350,0.021,0.010,0.016,0.083,0.079,0.257,0.039,0.072,0.038,0.020,0.016,0.429,0.015,0.006,0.350,0.067,0.042,0.000,0.123,0.133,0.242,0.023,0.354,0.351,0.037,0.196,0.227,0.098,0.242,0.435,0.130,0.133,0.121,0.036,0.269,0.066,0.051,0.195,0.579,0.014,0.039,0.196,0.041,0.321,0.096,0.032,0.057,0.294,0.077,0.058,0.297,0.101,0.298,0.105,0.294,0.126,0.325,0.771,0.163,0.058,0.412,0.319,0.436,0.329,0.826,0.668,0.175,0.053,0.429,0.241,0.042,0.021,0.048,0.057,0.644,0.293,0.340,0.430,0.419,0.040,0.182,0.271,0.162,0.026,0.422,0.037,0.100,0.341,0.077,0.008,0.048,0.295,0.071,0.015,0.630,0.441,0.442,0.443,0.017,0.353,0.443,0.442,0.193,0.086,0.442,0.570,0.331,0.432,0.350,0.013,0.408,0.005,0.024,0.421,0.291,0.139,0.566,0.054,0.124,0.081,0.328,0.485,0.086,0.299,0.509,0.328,0.096,0.271,0.420,0.259,0.301,0.328,0.298,0.329,0.590,0.088,0.428,0.333,0.114,0.141,0.072,0.031,0.431,0.007
0.127,0.539,0.126,0.129,0.132,0.442,0.136,0.121,0.129,0.192,0.189,0.261,0.158,0.193,0.158,0.137,0.130,0.512,0.117,0.126,0.441,0.057,0.165,0.123,0.000,0.010,0.120,0.128,0.232,0.379,0.130,0.301,0.328,0.221,0.120,0.395,0.024,0.010,0.002,0.134,0.364,0.058,0.073,0.300,0.695,0.120,0.129,0.214,0.164,0.199,0.219,0.132,0.141,0.413,0.151,0.148,0.419,0.165,0.420,0.148,0.412,0.182,0.355,0.893,0.209,0.137,0.465,0.197,0.542,0.358,0.944,0.747,0.281,0.164,0.551,0.249,0.132,0.128,0.153,0.132,0.718,0.411,0.458,0.552,0.538,0.132,0.224,0.273,0.209,0.142,0.540,0.125,0.164,0.459,0.150,0.127,0.137,0.414,0.146,0.121,0.739,0.550,0.550,0.551,0.128,0.444,0.551,0.550,0.310,0.060,0.550,0.531,0.409,0.511,0.440,0.127,0.461,0.128,0.142,0.539,0.413,0.181,0.642,0.162,0.180,0.186,0.268,0.364,0.061,0.413,0.552,0.443,0.163,0.366,0.535,0.221,0.423,0.443,0.412,0.451,0.705,0.189,0.550,0.455,0.230,0.262,0.193,0.129,0.549,0.127
0.137,0.548,0.136,0.138,0.142,0.449,0.146,0.131,0.139,0.201,0.198,0.265,0.168,0.203,0.168,0.147,0.140,0.519,0.127,0.136,0.448,0.067,0.175,0.133,0.010,0.000,0.110,0.138,0.222,0.382,0.140,0.309,0.337,0.231,0.110,0.392,0.023,0.000,0.012,0.144,0.372,0.067,0.083,0.308,0.705,0.130,0.139,0.218,0.174,0.189,0.228,0.141,0.150,0.422,0.159,0.156,0.429,0.172,0.429,0.155,0.422,0.189,0.358,0.903,0.215,0.146,0.470,0.188,0.551,0.361,0.954,0.753,0.291,0.174,0.561,0.251,0.142,0.137,0.163,0.141,0.724,0.421,0.468,0.562,0.547,0.142,0.229,0.276,0.214,0.152,0.550,0.135,0.171,0.469,0.158,0.137,0.146,0.423,0.155,0.130,0.748,0.558,0.559,0.559,0.138,0.452,0.559,0.558,0.320,0.069,0.559,0.528,0.415,0.517,0.447,0.137,0.466,0.138,0.152,0.549,0.423,0.187,0.648,0.172,0.187,0.196,0.266,0.354,0.069,0.423,0.557,0.453,0.170,0.374,0.545,0.219,0.433,0.453,0.422,0.461,0.715,0.198,0.560,0.465,0.240,0.272,0.203,0.139,0.559,0.137
0.245,0.658,0.246,0.248,0.251,0.533,0.256,0.241,0.248,0.304,0.302,0.329,0.278,0.313,0.278,0.257,0.250,0.595,0.237,0.245,0.532,0.177,0.284,0.242,0.120,0.110,0.000,0.248,0.112,0.424,0.250,0.406,0.430,0.340,0.000,0.372,0.113,0.110,0.122,0.253,0.460,0.177,0.193,0.405,0.814,0.240,0.248,0.273,0.283,0.079,0.338,0.247,0.251,0.532,0.255,0.258,0.539,0.262,0.539,0.240,0.531,0.272,0.403,0.000,0.288,0.254,0.525,0.078,0.657,0.405,0.000,0.822,0.399,0.284,0.671,0.293,0.251,0.247,0.273,0.249,0.788,0.530,0.578,0.672,0.657,0.251,0.298,0.338,0.288,0.262,0.660,0.244,0.262,0.579,0.255,0.246,0.248,0.533,0.252,0.240,0.854,0.652,0.653,0.653,0.248,0.535,0.653,0.652,0.430,0.174,0.653,0.500,0.491,0.590,0.530,0.247,0.522,0.247,0.262,0.658,0.533,0.264,0.716,0.282,0.271,0.305,0.275,0.244,0.175,0.532,0.629,0.562,0.262,0.462,0.654,0.227,0.543,0.562,0.531,0.571,0.824,0.299,0.670,0.575,0.350,0.382,0.313,0.249,0.669,0.246
0.029,0.411,0.018,0.006,0.019,0.366,0.011,0.014,0.008,0.098,0.094,0.236,0.032,0.066,0.031,0.013,0.009,0.446,0.013,0.017,0.365,0.071,0.046,0.023,0.128,0.138,0.248,0.000,0.360,0.373,0.014,0.210,0.242,0.098,0.248,0.456,0.139,0.138,0.125,0.013,0.285,0.070,0.055,0.209,0.569,0.011,0.017,0.219,0.045,0.327,0.095,0.054,0.080,0.285,0.100,0.080,0.291,0.123,0.292,0.128,0.285,0.149,0.348,0.765,0.185,0.035,0.432,0.325,0.421,0.351,0.830,0.684,0.160,0.038,0.423,0.264,0.019,0.002,0.029,0.035,0.662,0.284,0.331,0.425,0.410,0.017,0.204,0.249,0.185,0.015,0.413,0.015,0.123,0.332,0.099,0.016,0.070,0.286,0.093,0.010,0.617,0.452,0.452,0.453,0.006,0.368,0.453,0.452,0.183,0.081,0.453,0.592,0.349,0.449,0.366,0.010,0.429,0.022,0.017,0.412,0.286,0.161,0.584,0.036,0.146,0.063,0.313,0.491,0.081,0.287,0.487,0.317,0.119,0.287,0.409,0.279,0.296,0.317,0.287,0.324,0.579,0.106,0.423,0.328,0.103,0.135,0.066,0.009,0.422,0.029
0.358,0.770,0.358,0.360,0.362,0.630,0.368,0.353,0.361,0.415,0.412,0.411,0.390,0.425,0.390,0.369,0.362,0.686,0.349,0.358,0.629,0.289,0.396,0.354,0.232,0.222,0.112,0.360,0.000,0.494,0.361,0.512,0.534,0.453,0.112,0.391,0.225,0.222,0.234,0.365,0.561,0.290,0.305,0.511,0.925,0.352,0.360,0.361,0.395,0.034,0.450,0.358,0.360,0.644,0.363,0.367,0.651,0.368,0.652,0.344,0.643,0.374,0.476,0.000,0.385,0.365,0.602,0.035,0.764,0.477,0.000,0.905,0.509,0.396,0.783,0.371,0.363,0.360,0.384,0.359,0.868,0.642,0.689,0.784,0.769,0.363,0.391,0.418,0.385,0.374,0.771,0.356,0.367,0.690,0.363,0.359,0.359,0.645,0.361,0.353,0.962,0.755,0.756,0.756,0.360,0.632,0.757,0.756,0.541,0.285,0.756,0.503,0.583,0.679,0.626,0.359,0.599,0.359,0.374,0.770,0.645,0.363,0.799,0.394,0.373,0.416,0.320,0.132,0.285,0.643,0.708,0.672,0.368,0.563,0.764,0.289,0.655,0.673,0.642,0.683,0.934,0.408,0.782,0.687,0.461,0.494,0.425,0.361,0.780,0.358
0.344,0.609,0.355,0.378,0.392,0.225,0.367,0.360,0.365,0.296,0.298,0.606,0.368,0.375,0.368,0.365,0.365,0.233,0.364,0.356,0.225,0.368,0.348,0.351,0.379,0.382,0.424,0.373,0.494,0.000,0.387,0.256,0.241,0.361,0.425,0.224,0.360,0.383,0.379,0.386,0.219,0.368,0.366,0.256,0.761,0.365,0.390,0.166,0.349,0.467,0.360,0.319,0.293,0.514,0.273,0.293,0.482,0.250,0.481,0.249,0.514,0.224,0.025,0.872,0.188,0.408,0.113,0.467,0.685,0.022,0.774,0.417,0.474,0.389,0.578,0.133,0.392,0.371,0.392,0.408,0.377,0.514,0.548,0.577,0.609,0.390,0.169,0.620,0.188,0.369,0.611,0.387,0.250,0.548,0.274,0.357,0.303,0.515,0.280,0.366,0.848,0.367,0.368,0.369,0.367,0.227,0.369,0.368,0.449,0.402,0.368,0.311,0.164,0.218,0.219,0.363,0.110,0.351,0.366,0.611,0.477,0.213,0.313,0.391,0.227,0.411,0.647,0.583,0.402,0.539,0.850,0.560,0.254,0.219,0.629,0.206,0.484,0.559,0.538,0.503,0.774,0.280,0.576,0.506,0.410,0.396,0.374,0.382,0.617,0.344
0.043,0.409,0.032,0.008,0.005,0.378,0.022,0.027,0.022,0.110,0.106,0.222,0.037,0.068,0.037,0.024,0.022,0.458,0.025,0.031,0.377,0.075,0.056,0.037,0.130,0.140,0.250,0.014,0.361,0.387,0.000,0.220,0.253,0.102,0.250,0.469,0.143,0.140,0.128,0.004,0.296,0.074,0.059,0.219,0.565,0.023,0.003,0.232,0.054,0.329,0.100,0.068,0.094,0.283,0.114,0.094,0.291,0.137,0.292,0.142,0.282,0.163,0.362,0.764,0.199,0.021,0.446,0.327,0.415,0.365,0.836,0.696,0.153,0.035,0.423,0.277,0.005,0.016,0.023,0.022,0.674,0.281,0.328,0.424,0.407,0.003,0.218,0.235,0.199,0.024,0.410,0.005,0.137,0.329,0.113,0.030,0.084,0.284,0.107,0.022,0.611,0.460,0.461,0.462,0.020,0.380,0.462,0.461,0.180,0.079,0.461,0.604,0.362,0.461,0.378,0.024,0.442,0.036,0.026,0.409,0.286,0.175,0.596,0.032,0.160,0.057,0.302,0.493,0.079,0.283,0.473,0.313,0.133,0.298,0.405,0.291,0.295,0.313,0.282,0.324,0.575,0.119,0.422,0.327,0.100,0.136,0.069,0.005,0.419,0.042
0.189,0.358,0.196,0.214,0.224,0.159,0.199,0.204,0.203,0.114,0.117,0.429,0.186,0.170,0.185,0.197,0.201,0.242,0.210,0.198,0.158,0.254,0.165,0.196,0.301,0.309,0.406,0.210,0.512,0.256,0.220,0.000,0.033,0.140,0.406,0.434,0.297,0.310,0.299,0.217,0.079,0.254,0.242,0.001,0.515,0.208,0.223,0.193,0.166,0.479,0.140,0.173,0.160,0.257,0.152,0.153,0.227,0.145,0.227,0.169,0.258,0.141,0.237,0.658,0.146,0.237,0.265,0.477,0.428,0.240,0.650,0.479,0.238,0.201,0.336,0.224,0.224,0.208,0.210,0.240,0.460,0.258,0.293,0.335,0.358,0.222,0.153,0.442,0.146,0.197,0.360,0.224,0.145,0.293,0.152,0.198,0.165,0.259,0.155,0.209,0.595,0.249,0.249,0.250,0.205,0.161,0.250,0.249,0.201,0.281,0.250,0.551,0.157,0.249,0.160,0.202,0.262,0.193,0.194,0.359,0.222,0.157,0.382,0.204,0.142,0.211,0.522,0.635,0.281,0.283,0.622,0.303,0.145,0.081,0.374,0.301,0.230,0.303,0.282,0.251,0.527,0.112,0.334,0.254,0.186,0.157,0.169,0.216,0.366,0.189
0.221,0.368,0.228,0.246,0.257,0.126,0.231,0.236,0.235,0.145,0.148,0.462,0.218,0.203,0.218,0.229,0.233,0.209,0.241,0.229,0.125,0.283,0.197,0.227,0.328,0.337,0.430,0.242,0.534,0.241,0.253,0.033,0.000,0.172,0.430,0.431,0.323,0.337,0.327,0.249,0.046,0.283,0.272,0.034,0.523,0.240,0.256,0.201,0.198,0.501,0.173,0.203,0.188,0.276,0.178,0.182,0.241,0.168,0.241,0.191,0.276,0.161,0.223,0.654,0.158,0.270,0.239,0.500,0.446,0.227,0.630,0.446,0.268,0.234,0.341,0.227,0.256,0.240,0.243,0.272,0.427,0.276,0.308,0.340,0.368,0.254,0.161,0.475,0.158,0.229,0.370,0.256,0.169,0.308,0.178,0.230,0.194,0.277,0.182,0.240,0.607,0.222,0.223,0.223,0.237,0.128,0.224,0.223,0.228,0.311,0.223,0.543,0.127,0.216,0.127,0.234,0.236,0.224,0.226,0.370,0.237,0.174,0.349,0.237,0.161,0.244,0.555,0.655,0.311,0.303,0.651,0.322,0.169,0.048,0.388,0.309,0.243,0.321,0.302,0.262,0.535,0.142,0.339,0.265,0.219,0.187,0.202,0.248,0.376,0.220
0.095,0.327,0.095,0.099,0.104,0.298,0.088,0.101,0.094,0.070,0.070,0.291,0.066,0.036,0.066,0.086,0.093,0.381,0.105,0.096,0.297,0.165,0.057,0.098,0.221,0.231,0.340,0.098,0.453,0.361,0.102,0.140,0.172,0.000,0.341,0.490,0.228,0.231,0.219,0.098,0.218,0.164,0.149,0.139,0.488,0.103,0.105,0.235,0.058,0.419,0.003,0.100,0.110,0.203,0.122,0.104,0.200,0.138,0.201,0.157,0.202,0.157,0.337,0.673,0.188,0.112,0.395,0.418,0.357,0.340,0.733,0.617,0.114,0.072,0.332,0.280,0.104,0.097,0.083,0.116,0.599,0.201,0.248,0.333,0.326,0.102,0.206,0.304,0.188,0.082,0.329,0.107,0.138,0.249,0.122,0.095,0.106,0.204,0.119,0.102,0.546,0.364,0.365,0.365,0.096,0.300,0.365,0.365,0.106,0.179,0.365,0.620,0.295,0.388,0.299,0.096,0.392,0.093,0.081,0.327,0.194,0.176,0.521,0.075,0.156,0.073,0.396,0.584,0.179,0.213,0.492,0.241,0.134,0.220,0.330,0.324,0.204,0.241,0.212,0.232,0.498,0.087,0.331,0.236,0.050,0.047,0.035,0.100,0.337,0.095
0.245,0.658,0.246,0.248,0.251,0.533,0.256,0.241,0.249,0.305,0.302,0.329,0.278,0.313,0.278,0.257,0.250,0.595,0.237,0.245,0.532,0.177,0.284,0.242,0.120,0.110,0.000,0.248,0.112,0.425,0.250,0.406,0.430,0.341,0.000,0.373,0.113,0.110,0.122,0.253,0.461,0.177,0.193,0.405,0.814,0.240,0.248,0.274,0.283,0.079,0.338,0.247,0.251,0.532,0.255,0.258,0.539,0.262,0.539,0.240,0.531,0.272,0.404,0.000,0.289,0.254,0.526,0.078,0.657,0.405,0.000,0.822,0.399,0.284,0.671,0.294,0.251,0.247,0.273,0.249,0.789,0.530,0.578,0.672,0.657,0.251,0.298,0.338,0.288,0.262,0.660,0.244,0.262,0.579,0.255,0.246,0.248,0.533,0.252,0.240,0.854,0.652,0.653,0.654,0.248,0.536,0.654,0.653,0.430,0.174,0.653,0.501,0.491,0.591,0.530,0.247,0.522,0.247,0.262,0.658,0.533,0.264,0.716,0.282,0.271,0.305,0.275,0.244,0.174,0.532,0.628,0.562,0.262,0.463,0.654,0.228,0.543,0.562,0.531,0.571,0.824,0.299,0.670,0.575,0.350,0.382,0.313,0.249,0.669,0.246
0.431,0.790,0.440,0.461,0.474,0.446,0.455,0.443,0.451,0.420,0.420,0.656,0.467,0.489,0.467,0.455,0.451,0.455,0.444,0.441,0.446,0.416,0.454,0.435,0.395,0.392,0.372,0.456,0.391,0.224,0.469,0.434,0.431,0.490,0.373,0.000,0.371,0.393,0.396,0.470,0.424,0.416,0.423,0.434,0.949,0.446,0.470,0.255,0.454,0.376,0.488,0.410,0.388,0.678,0.372,0.392,0.657,0.352,0.657,0.336,0.679,0.333,0.227,0.000,0.305,0.488,0.326,0.376,0.844,0.225,0.998,0.611,0.600,0.487,0.770,0.214,0.474,0.455,0.483,0.485,0.566,0.678,0.719,0.769,0.789,0.472,0.290,0.667,0.305,0.460,0.792,0.467,0.353,0.720,0.372,0.443,0.396,0.680,0.376,0.447,0.000,0.590,0.591,0.592,0.452,0.448,0.591,0.590,0.594,0.444,0.591,0.137,0.384,0.439,0.440,0.448,0.323,0.438,0.458,0.791,0.652,0.314,0.515,0.487,0.334,0.514,0.643,0.434,0.444,0.697,0.938,0.722,0.357,0.425,0.803,0.179,0.660,0.722,0.696,0.683,0.961,0.403,0.768,0.686,0.532,0.535,0.488,0.464,0.799,0.432
0.133,0.550,0.134,0.140,0.146,0.432,0.146,0.130,0.138,0.192,0.189,0.285,0.167,0.202,0.167,0.147,0.140,0.501,0.127,0.134,0.432,0.069,0.172,0.130,0.024,0.023,0.113,0.139,0.225,0.360,0.143,0.297,0.323,0.228,0.113,0.371,0.000,0.023,0.025,0.146,0.357,0.069,0.084,0.296,0.708,0.130,0.143,0.196,0.171,0.192,0.225,0.134,0.139,0.424,0.145,0.145,0.427,0.156,0.428,0.137,0.423,0.171,0.336,0.901,0.195,0.153,0.449,0.190,0.557,0.339,0.944,0.734,0.296,0.176,0.559,0.229,0.146,0.138,0.166,0.148,0.704,0.422,0.469,0.561,0.549,0.146,0.209,0.297,0.195,0.152,0.551,0.139,0.156,0.470,0.145,0.135,0.136,0.425,0.142,0.131,0.754,0.545,0.546,0.546,0.138,0.435,0.546,0.545,0.321,0.081,0.546,0.507,0.397,0.499,0.431,0.136,0.445,0.135,0.152,0.550,0.422,0.168,0.629,0.175,0.169,0.200,0.289,0.355,0.081,0.426,0.575,0.456,0.155,0.359,0.547,0.197,0.431,0.456,0.425,0.460,0.718,0.187,0.558,0.464,0.241,0.271,0.202,0.142,0.560,0.133
0.137,0.548,0.136,0.138,0.141,0.449,0.146,0.131,0.139,0.201,0.198,0.264,0.168,0.203,0.168,0.147,0.140,0.519,0.127,0.136,0.448,0.067,0.175,0.133,0.010,0.000,0.110,0.138,0.222,0.383,0.140,0.310,0.337,0.231,0.110,0.393,0.023,0.000,0.012,0.143,0.372,0.067,0.083,0.309,0.705,0.130,0.139,0.218,0.174,0.189,0.228,0.141,0.150,0.422,0.159,0.157,0.429,0.172,0.429,0.155,0.422,0.189,0.359,0.902,0.215,0.146,0.470,0.188,0.551,0.361,0.954,0.754,0.291,0.174,0.561,0.252,0.142,0.137,0.163,0.141,0.724,0.421,0.468,0.562,0.547,0.142,0.229,0.276,0.214,0.152,0.550,0.135,0.172,0.469,0.159,0.137,0.146,0.423,0.155,0.130,0.748,0.558,0.559,0.559,0.138,0.452,0.560,0.559,0.320,0.068,0.559,0.529,0.416,0.517,0.448,0.137,0.466,0.138,0.152,0.549,0.423,0.187,0.648,0.172,0.187,0.196,0.266,0.354,0.069,0.423,0.557,0.453,0.171,0.374,0.544,0.220,0.433,0.453,0.422,0.461,0.715,0.198,0.560,0.465,0.240,0.272,0.203,0.139,0.559,0.137
0.125,0.536,0.124,0.126,0.130,0.440,0.134,0.119,0.126,0.190,0.187,0.260,0.156,0.191,0.156,0.135,0.128,0.511,0.115,0.124,0.440,0.055,0.163,0.121,0.002,0.012,0.122,0.125,0.234,0.379,0.128,0.299,0.327,0.219,0.122,0.396,0.025,0.012,0.000,0.131,0.363,0.055,0.071,0.298,0.693,0.118,0.127,0.214,0.162,0.202,0.216,0.130,0.140,0.410,0.149,0.146,0.417,0.164,0.417,0.147,0.410,0.181,0.355,0.890,0.208,0.134,0.465,0.200,0.540,0.358,0.943,0.746,0.279,0.162,0.549,0.249,0.130,0.125,0.151,0.129,0.717,0.409,0.456,0.550,0.535,0.130,0.223,0.271,0.208,0.140,0.538,0.123,0.163,0.457,0.149,0.125,0.135,0.411,0.145,0.118,0.736,0.548,0.549,0.549,0.126,0.443,0.549,0.548,0.308,0.058,0.549,0.532,0.408,0.510,0.439,0.125,0.461,0.126,0.140,0.537,0.411,0.180,0.641,0.160,0.179,0.184,0.268,0.366,0.059,0.411,0.550,0.441,0.162,0.365,0.533,0.221,0.421,0.441,0.410,0.449,0.703,0.188,0.548,0.453,0.228,0.260,0.191,0.127,0.547,0.125
0.042,0.405,0.031,0.008,0.007,0.374,0.019,0.027,0.021,0.107,0.104,0.224,0.033,0.064,0.033,0.021,0.021,0.455,0.026,0.031,0.374,0.078,0.052,0.036,0.134,0.144,0.253,0.013,0.365,0.386,0.004,0.217,0.249,0.098,0.253,0.470,0.146,0.143,0.131,0.000,0.293,0.077,0.062,0.216,0.562,0.024,0.007,0.232,0.051,0.333,0.095,0.067,0.093,0.279,0.112,0.092,0.287,0.136,0.288,0.141,0.278,0.161,0.361,0.760,0.198,0.023,0.444,0.331,0.412,0.364,0.831,0.693,0.150,0.031,0.419,0.277,0.007,0.016,0.020,0.024,0.671,0.277,0.325,0.421,0.404,0.005,0.217,0.237,0.198,0.020,0.407,0.009,0.135,0.326,0.112,0.029,0.083,0.280,0.106,0.023,0.608,0.457,0.457,0.458,0.019,0.377,0.458,0.457,0.177,0.083,0.458,0.605,0.359,0.458,0.374,0.023,0.440,0.035,0.023,0.405,0.282,0.175,0.593,0.029,0.159,0.054,0.306,0.497,0.083,0.280,0.473,0.310,0.131,0.295,0.401,0.292,0.291,0.310,0.279,0.320,0.572,0.116,0.418,0.324,0.096,0.132,0.064,0.005,0.415,0.041
0.263,0.394,0.270,0.289,0.300,0.081,0.275,0.278,0.278,0.187,0.191,0.508,0.263,0.248,0.262,0.273,0.276,0.163,0.283,0.272,0.081,0.322,0.241,0.269,0.364,0.372,0.460,0.285,0.561,0.219,0.296,0.079,0.046,0.218,0.461,0.424,0.357,0.372,0.363,0.293,0.000,0.322,0.312,0.079,0.543,0.282,0.299,0.214,0.242,0.528,0.219,0.243,0.226,0.310,0.214,0.221,0.272,0.200,0.271,0.221,0.311,0.188,0.205,0.659,0.178,0.314,0.200,0.527,0.479,0.208,0.609,0.401,0.313,0.279,0.360,0.231,0.300,0.283,0.287,0.316,0.381,0.311,0.339,0.358,0.394,0.298,0.176,0.521,0.178,0.273,0.395,0.300,0.201,0.339,0.214,0.272,0.233,0.312,0.219,0.283,0.632,0.195,0.195,0.196,0.280,0.084,0.196,0.195,0.270,0.352,0.195,0.528,0.084,0.170,0.082,0.277,0.197,0.267,0.270,0.395,0.268,0.198,0.303,0.282,0.190,0.289,0.597,0.678,0.352,0.339,0.696,0.356,0.202,0.002,0.416,0.319,0.273,0.356,0.339,0.289,0.555,0.182,0.357,0.291,0.264,0.233,0.248,0.292,0.401,0.262
0.071,0.482,0.069,0.072,0.076,0.402,0.078,0.063,0.071,0.142,0.138,0.245,0.100,0.135,0.100,0.080,0.073,0.477,0.060,0.069,0.401,0.001,0.108,0.066,0.058,0.067,0.177,0.070,0.290,0.368,0.074,0.254,0.283,0.164,0.177,0.416,0.069,0.067,0.055,0.077,0.322,0.000,0.016,0.253,0.639,0.062,0.073,0.203,0.107,0.257,0.162,0.081,0.097,0.355,0.111,0.102,0.361,0.130,0.362,0.121,0.355,0.152,0.343,0.835,0.185,0.084,0.443,0.255,0.488,0.346,0.891,0.714,0.227,0.107,0.493,0.245,0.076,0.070,0.097,0.079,0.687,0.354,0.401,0.495,0.481,0.076,0.203,0.258,0.185,0.085,0.483,0.069,0.130,0.402,0.110,0.070,0.089,0.356,0.105,0.063,0.684,0.502,0.503,0.503,0.070,0.404,0.503,0.502,0.253,0.034,0.503,0.553,0.375,0.477,0.401,0.069,0.439,0.071,0.085,0.482,0.356,0.157,0.610,0.106,0.150,0.131,0.285,0.421,0.034,0.357,0.522,0.387,0.127,0.324,0.479,0.238,0.365,0.387,0.356,0.394,0.649,0.142,0.493,0.398,0.173,0.205,0.136,0.073,0.492,0.071
0.056,0.466,0.054,0.056,0.062,0.392,0.063,0.048,0.056,0.129,0.125,0.243,0.085,0.120,0.085,0.064,0.057,0.467,0.044,0.053,0.391,0.016,0.093,0.051,0.073,0.083,0.193,0.055,0.305,0.366,0.059,0.242,0.272,0.149,0.193,0.423,0.084,0.083,0.071,0.062,0.312,0.016,0.000,0.241,0.624,0.047,0.059,0.203,0.092,0.272,0.146,0.069,0.087,0.340,0.103,0.091,0.346,0.124,0.346,0.117,0.339,0.147,0.341,0.820,0.181,0.071,0.438,0.271,0.474,0.344,0.877,0.705,0.212,0.092,0.478,0.246,0.062,0.055,0.082,0.067,0.680,0.338,0.386,0.479,0.465,0.062,0.199,0.256,0.181,0.069,0.468,0.055,0.123,0.387,0.102,0.054,0.079,0.341,0.097,0.047,0.670,0.489,0.490,0.490,0.055,0.394,0.491,0.490,0.238,0.040,0.490,0.560,0.367,0.469,0.391,0.054,0.434,0.056,0.069,0.466,0.340,0.154,0.602,0.090,0.145,0.116,0.292,0.437,0.040,0.342,0.515,0.372,0.120,0.314,0.463,0.244,0.350,0.372,0.341,0.378,0.634,0.130,0.477,0.382,0.158,0.189,0.120,0.057,0.477,0.056
0.189,0.358,0.196,0.213,0.223,0.160,0.198,0.204,0.202,0.113,0.116,0.429,0.185,0.169,0.184,0.196,0.200,0.243,0.209,0.197,0.159,0.253,0.164,0.195,0.300,0.308,0.405,0.209,0.511,0.256,0.219,0.001,0.034,0.139,0.405,0.434,0.296,0.309,0.298,0.216,0.079,0.253,0.241,0.000,0.516,0.207,0.223,0.192,0.165,0.478,0.140,0.172,0.159,0.257,0.151,0.153,0.228,0.144,0.227,0.168,0.258,0.141,0.236,0.659,0.145,0.236,0.265,0.476,0.429,0.240,0.651,0.480,0.238,0.200,0.336,0.224,0.223,0.207,0.209,0.239,0.461,0.258,0.293,0.336,0.358,0.221,0.152,0.442,0.145,0.196,0.360,0.223,0.144,0.293,0.151,0.197,0.164,0.259,0.154,0.208,0.595,0.250,0.250,0.251,0.204,0.162,0.251,0.250,0.201,0.280,0.250,0.550,0.158,0.249,0.161,0.201,0.263,0.192,0.193,0.360,0.223,0.156,0.383,0.203,0.141,0.210,0.522,0.634,0.280,0.283,0.621,0.303,0.144,0.081,0.375,0.300,0.230,0.303,0.282,0.252,0.528,0.111,0.335,0.254,0.186,0.157,0.168,0.215,0.367,0.188
