0.000,2.397,0.024,5.634,9.201,5.913,6.590,6.990,5.182,3.546,6.162,15.074,6.188,6.044,5.861,3.463,3.361,14.032,6.079,7.973,6.305,6.159,5.948,19.603,5.164,5.161,5.849,8.079,8.247,9.940,10.138,12.353,7.475,5.443,6.839,10.148,10.905,7.688,8.760,8.256,8.051,6.759,2.597,7.161,12.697,6.286,6.938,4.416,4.641,11.589,4.943,4.337,7.354,4.042,3.930,6.081,6.113,3.538,4.222,7.394,3.277,6.736,14.818,3.297,9.343,7.476,8.637,11.563,12.227,14.257,6.843,15.631,7.871,6.450,8.077
2.397,0.000,2.416,7.944,10.861,8.239,8.943,9.353,2.804,5.494,8.487,16.098,8.529,8.401,8.235,5.774,5.672,16.429,8.431,5.578,8.630,8.502,8.274,18.069,2.786,7.527,8.163,10.209,10.360,11.882,12.062,14.143,5.888,7.741,9.199,12.072,10.232,9.733,11.139,10.371,10.186,9.121,0.200,9.392,14.183,8.616,9.298,4.965,7.038,13.391,7.199,6.507,9.363,6.143,5.998,7.910,7.951,5.426,6.412,9.409,4.883,5.301,15.378,4.301,10.970,9.849,6.448,13.370,14.237,15.436,5.395,13.252,10.218,8.837,9.384
0.024,2.416,0.000,5.612,9.200,5.891,6.569,6.968,5.202,3.523,6.140,15.081,6.166,6.023,5.840,3.440,3.339,14.013,6.058,7.992,6.283,6.138,5.926,19.605,5.184,5.140,5.827,8.056,8.224,9.917,10.115,12.330,7.479,5.420,6.818,10.124,10.899,7.664,8.744,8.233,8.028,6.738,2.616,7.139,12.698,6.265,6.916,4.403,4.623,11.566,4.920,4.313,7.348,4.019,3.906,6.079,6.111,3.515,4.199,7.388,3.256,6.740,14.830,3.281,9.343,7.455,8.649,11.540,12.220,14.236,6.846,15.651,7.857,6.430,8.081
5.634,7.944,5.612,0.000,8.971,0.336,1.123,1.571,10.745,2.967,0.565,15.828,0.681,0.733,0.928,2.175,2.277,8.800,0.692,13.471,0.699,0.672,0.368,22.496,10.726,0.830,0.222,2.853,3.060,5.113,5.348,7.747,11.406,0.231,1.403,5.352,12.614,2.854,4.482,3.063,2.810,1.355,8.142,1.679,12.410,0.699,1.500,6.068,2.007,7.013,0.858,1.698,6.308,2.163,2.353,6.351,6.332,3.137,1.718,6.303,3.968,10.563,16.689,5.172,9.192,2.107,13.487,6.975,10.046,11.113,10.668,21.171,4.295,1.510,9.203
9.201,10.861,9.200,8.971,0.000,8.868,8.675,8.604,12.801,10.257,8.928,6.855,8.740,8.486,8.142,8.729,8.730,11.175,8.574,15.350,8.981,8.710,8.872,28.773,12.794,8.210,8.979,11.397,11.601,13.664,13.901,16.224,16.608,9.043,8.629,13.900,19.904,11.686,6.633,11.598,11.347,8.562,11.002,10.203,3.595,8.920,8.639,13.000,7.169,15.571,9.270,9.644,2.669,9.881,9.980,3.167,3.147,10.418,9.523,2.680,10.923,15.907,8.176,11.749,0.229,8.552,17.197,15.527,4.147,20.076,16.012,21.959,5.662,7.917,2.187
5.913,8.239,5.891,0.336,8.868,0.000,0.788,1.235,11.042,3.302,0.249,15.733,0.346,0.449,0.733,2.465,2.567,8.467,0.386,13.776,0.392,0.340,0.035,22.815,11.023,0.915,0.149,2.771,2.981,5.063,5.299,7.699,11.742,0.566,1.067,5.302,12.919,2.863,4.182,2.983,2.725,1.020,8.438,1.553,12.274,0.378,1.165,6.399,2.059,6.975,1.193,2.034,6.198,2.499,2.689,6.329,6.307,3.473,2.053,6.191,4.304,10.899,16.656,5.507,9.091,1.772,13.817,6.937,9.819,11.189,11.004,21.473,4.048,1.227,9.178
6.590,8.943,6.569,1.123,8.675,0.788,0.000,0.448,11.747,4.090,0.585,15.541,0.445,0.548,0.819,3.183,3.283,7.686,0.513,14.498,0.501,0.461,0.755,23.564,11.728,1.440,0.918,2.730,2.938,5.026,5.264,7.638,12.530,1.354,0.280,5.265,13.639,3.028,3.506,2.936,2.681,0.240,9.143,1.526,11.988,0.465,0.378,7.177,2.375,6.946,1.981,2.821,6.011,3.287,3.476,6.349,6.321,4.260,2.839,5.996,5.091,11.686,16.611,6.295,8.902,0.984,14.592,6.905,9.315,11.399,11.791,22.189,3.531,0.759,9.173
6.990,9.353,6.968,1.571,8.604,1.235,0.448,0.000,12.156,4.538,1.026,15.457,0.892,0.957,1.145,3.607,3.706,7.241,0.940,14.914,0.925,0.906,1.203,23.989,12.137,1.829,1.364,2.800,2.999,5.053,5.289,7.632,12.977,1.802,0.168,5.289,14.049,3.198,3.150,2.994,2.750,0.232,9.553,1.677,11.853,0.900,0.075,7.620,2.650,6.961,2.429,3.269,5.956,3.734,3.924,6.412,6.380,4.708,3.286,5.937,5.539,12.134,16.609,6.742,8.833,0.536,15.035,6.919,9.052,11.533,12.239,22.601,3.293,0.783,9.208
5.182,2.804,5.202,10.745,12.801,11.042,11.747,12.156,0.000,8.211,11.290,17.226,11.333,11.204,11.036,8.577,8.476,19.205,11.235,2.815,11.433,11.306,11.077,16.977,0.022,10.329,10.965,12.946,13.089,14.513,14.680,16.661,5.429,10.540,12.002,14.692,10.607,12.434,13.854,13.100,12.926,11.925,2.605,12.171,15.858,11.419,12.101,7.024,9.807,15.923,9.991,9.280,11.683,8.899,8.745,10.111,10.159,8.124,9.190,11.734,7.499,5.219,16.004,6.703,12.874,12.650,4.578,15.905,16.478,17.478,5.272,10.451,12.884,11.632,11.037
3.546,5.494,3.523,2.967,10.257,3.302,4.090,4.538,8.211,0.000,3.522,16.858,3.646,3.641,3.661,1.562,1.543,11.757,3.627,10.817,3.644,3.634,3.335,19.728,8.190,3.009,3.178,4.738,4.879,6.425,6.615,8.807,8.441,2.736,4.369,6.625,10.045,4.239,7.248,4.890,4.718,4.319,5.679,4.055,13.848,3.655,4.467,3.205,3.410,8.043,2.109,1.269,7.796,0.806,0.617,7.188,7.193,0.188,1.258,7.813,1.005,7.598,17.179,2.209,10.453,5.074,10.571,8.018,12.224,10.956,7.703,18.508,6.780,4.338,9.848
6.162,8.487,6.140,0.565,8.928,0.249,0.585,1.026,11.290,3.522,0.000,15.797,0.206,0.443,0.795,2.714,2.815,8.238,0.354,14.023,0.144,0.228,0.214,22.982,11.271,1.128,0.346,2.614,2.825,4.917,5.155,7.551,11.958,0.792,0.860,5.157,13.065,2.765,4.055,2.826,2.567,0.825,8.686,1.383,12.306,0.134,0.953,6.594,2.239,6.835,1.415,2.253,6.257,2.717,2.907,6.449,6.425,3.690,2.279,6.247,4.520,11.114,16.764,5.723,9.153,1.559,14.051,6.795,9.772,11.121,11.219,21.721,3.989,1.151,9.294
15.074,16.098,15.081,15.828,6.855,15.733,15.541,15.457,17.226,16.858,15.797,0.000,15.609,15.353,15.008,15.391,15.376,16.706,15.443,19.220,15.851,15.578,15.738,34.074,17.226,15.050,15.842,18.264,18.467,20.524,20.759,23.065,21.976,15.890,15.488,20.758,25.994,18.563,13.200,18.463,18.214,15.423,16.184,17.073,3.902,15.790,15.495,19.299,13.969,22.426,16.082,16.388,9.527,16.579,16.658,9.674,9.675,17.003,16.259,9.538,17.398,21.398,3.186,18.055,6.630,15.375,21.799,22.382,8.141,26.983,21.494,24.305,12.380,14.780,7.054
6.188,8.529,6.166,0.681,8.740,0.346,0.445,0.892,11.333,3.646,0.206,15.609,0.000,0.267,0.630,2.760,2.860,8.130,0.179,14.076,0.246,0.037,0.316,23.154,11.314,1.080,0.485,2.762,2.973,5.068,5.306,7.699,12.087,0.911,0.724,5.308,13.248,2.946,3.863,2.973,2.714,0.674,8.728,1.527,12.109,0.186,0.823,6.745,2.135,6.988,1.538,2.378,6.069,2.844,3.033,6.289,6.264,3.818,2.394,6.059,4.648,11.243,16.595,5.852,8.965,1.428,14.149,6.948,9.566,11.309,11.348,21.770,3.784,0.946,9.131
6.044,8.401,6.023,0.733,8.486,0.449,0.548,0.957,11.204,3.641,0.443,15.353,0.267,0.000,0.362,2.650,2.749,8.182,0.090,13.959,0.512,0.232,0.436,23.223,11.186,0.892,0.596,3.029,3.240,5.335,5.573,7.966,12.077,0.946,0.799,5.575,13.347,3.205,3.749,3.240,2.981,0.725,8.600,1.794,11.866,0.453,0.899,6.779,1.886,7.255,1.552,2.383,5.815,2.846,3.035,6.022,5.997,3.817,2.383,5.805,4.646,11.235,16.329,5.850,8.710,1.477,14.092,7.216,9.372,11.564,11.340,21.648,3.600,0.782,8.864
5.861,8.235,5.840,0.928,8.142,0.733,0.819,1.145,11.036,3.661,0.795,15.008,0.630,0.362,0.000,2.537,2.631,8.270,0.452,13.805,0.874,0.594,0.734,23.320,11.017,0.719,0.861,3.391,3.602,5.698,5.936,8.329,12.070,1.097,1.012,5.938,13.485,3.559,3.624,3.602,3.344,0.924,8.435,2.157,11.540,0.816,1.103,6.838,1.558,7.618,1.639,2.434,5.472,2.887,3.072,5.660,5.635,3.843,2.412,5.463,4.664,11.230,15.968,5.862,8.366,1.615,14.019,7.578,9.118,11.909,11.336,21.484,3.371,0.678,8.503
3.463,5.774,3.440,2.175,8.729,2.465,3.183,3.607,8.577,1.562,2.714,15.391,2.760,2.650,2.537,0.000,0.102,10.806,2.672,11.317,2.856,2.735,2.500,21.173,8.558,1.818,2.392,4.726,4.911,6.781,6.999,9.337,9.631,1.980,3.447,7.006,11.579,4.456,5.929,4.918,4.693,3.375,5.973,3.722,12.312,2.842,3.548,4.673,1.887,8.576,1.507,1.155,6.240,1.198,1.263,5.707,5.707,1.740,1.009,6.255,2.425,8.799,15.845,3.543,8.929,4.122,11.489,8.544,10.678,12.035,8.907,19.013,5.338,3.192,8.437
3.361,5.672,3.339,2.277,8.730,2.567,3.283,3.706,8.476,1.543,2.815,15.376,2.860,2.749,2.631,0.102,0.000,10.901,2.771,11.217,2.958,2.835,2.602,21.115,8.457,1.912,2.494,4.821,5.004,6.867,7.085,9.418,9.553,2.082,3.546,7.092,11.540,4.544,6.006,5.012,4.788,3.474,5.871,3.822,12.315,2.943,3.647,4.624,1.941,8.656,1.606,1.223,6.254,1.232,1.284,5.694,5.695,1.716,1.078,6.270,2.379,8.722,15.810,3.483,8.928,4.220,11.397,8.625,10.716,12.087,8.830,18.912,5.402,3.284,8.412
14.032,16.429,14.013,8.800,11.175,8.467,7.686,7.241,19.205,11.757,8.238,16.706,8.130,8.182,8.270,10.806,10.901,0.000,8.177,22.003,8.114,8.146,8.433,30.688,19.187,8.989,8.584,8.049,8.077,8.744,8.853,9.934,20.172,9.030,7.408,8.841,20.614,8.819,5.578,8.062,8.029,7.468,16.629,7.972,12.824,8.105,7.308,14.720,9.398,9.749,9.654,10.489,9.542,10.951,11.140,10.988,10.933,11.920,10.517,9.488,12.748,19.328,18.965,13.944,11.365,6.708,22.274,9.709,8.565,14.777,19.431,29.631,6.740,7.626,12.917
6.079,8.431,6.058,0.692,8.574,0.386,0.513,0.940,11.235,3.627,0.354,15.443,0.179,0.090,0.452,2.672,2.771,8.177,0.000,13.986,0.423,0.143,0.368,23.187,11.216,0.941,0.535,2.940,3.151,5.247,5.484,7.877,12.066,0.913,0.777,5.486,13.301,3.116,3.798,3.151,2.893,0.710,8.630,1.706,11.953,0.364,0.878,6.753,1.963,7.166,1.529,2.365,5.903,2.829,3.018,6.111,6.087,3.801,2.370,5.893,4.631,11.223,16.419,5.836,8.799,1.469,14.097,7.126,9.446,11.475,11.329,21.676,3.670,0.842,8.954
7.973,5.578,7.992,13.471,15.350,13.776,14.498,14.914,2.815,10.817,14.023,19.220,14.076,13.959,13.805,11.317,11.217,22.003,13.986,0.000,14.164,14.051,13.811,15.641,2.831,13.093,13.692,15.541,15.671,16.961,17.113,18.961,5.715,13.260,14.758,17.125,11.035,14.984,16.668,15.683,15.524,14.682,5.377,14.838,18.227,14.154,14.858,9.142,12.609,18.245,12.692,11.948,14.407,11.545,11.381,12.803,12.853,10.712,11.869,14.460,10.020,5.925,17.647,9.085,15.403,15.416,3.328,18.232,19.146,19.266,5.926,7.706,15.698,14.413,13.465
6.305,8.630,6.283,0.699,8.981,0.392,0.501,0.925,11.433,3.644,0.144,15.851,0.246,0.512,0.874,2.856,2.958,8.114,0.423,14.164,0.000,0.280,0.357,23.068,11.413,1.263,0.478,2.518,2.729,4.824,5.062,7.455,12.076,0.923,0.762,5.064,13.139,2.703,4.001,2.729,2.471,0.740,8.829,1.284,12.343,0.061,0.851,6.698,2.358,6.743,1.541,2.375,6.310,2.838,3.027,6.534,6.510,3.810,2.406,6.299,4.639,11.232,16.842,5.841,9.206,1.452,14.181,6.704,9.762,11.069,11.336,21.863,3.977,1.146,9.377
6.159,8.502,6.138,0.672,8.710,0.340,0.461,0.906,11.306,3.634,0.228,15.578,0.037,0.232,0.594,2.735,2.835,8.146,0.143,14.051,0.280,0.000,0.312,23.153,11.287,1.046,0.483,2.797,3.008,5.104,5.342,7.735,12.075,0.901,0.739,5.344,13.251,2.978,3.856,3.008,2.750,0.685,8.702,1.563,12.081,0.222,0.838,6.739,2.098,7.023,1.527,2.367,6.039,2.832,3.022,6.254,6.229,3.806,2.381,6.028,4.637,11.232,16.561,5.841,8.934,1.442,14.131,6.984,9.547,11.340,11.337,21.745,3.766,0.929,9.097
5.948,8.274,5.926,0.368,8.872,0.035,0.755,1.203,11.077,3.335,0.214,15.738,0.316,0.436,0.734,2.500,2.602,8.433,0.368,13.811,0.357,0.312,0.000,22.841,11.058,0.942,0.171,2.751,2.961,5.045,5.281,7.680,11.774,0.599,1.035,5.284,12.943,2.851,4.160,2.962,2.705,0.989,8.473,1.530,12.274,0.343,1.132,6.429,2.081,6.958,1.226,2.066,6.203,2.531,2.721,6.342,6.320,3.505,2.086,6.195,4.336,10.931,16.668,5.539,9.096,1.739,13.851,6.919,9.808,11.182,11.036,21.509,4.036,1.210,9.191
19.603,18.069,19.605,22.496,28.773,22.815,23.564,23.989,16.977,19.728,22.982,34.074,23.154,23.223,23.320,21.173,21.115,30.688,23.187,15.641,23.068,23.153,22.841,0.000,16.973,22.716,22.670,22.648,22.628,22.406,22.386,22.664,12.204,22.279,23.829,22.401,10.088,21.878,26.936,22.642,22.668,23.804,17.961,22.831,32.196,23.099,23.914,16.526,23.053,22.331,21.688,20.894,26.869,20.454,20.276,25.674,25.705,19.541,20.931,26.903,18.766,12.885,32.980,17.638,28.906,24.498,12.516,22.352,31.653,19.404,12.781,16.307,26.490,23.979,27.434
5.164,2.786,5.184,10.726,12.794,11.023,11.728,12.137,0.022,8.190,11.271,17.226,11.314,11.186,11.017,8.558,8.457,19.187,11.216,2.831,11.413,11.287,11.058,16.973,0.000,10.311,10.946,12.925,13.068,14.492,14.659,16.639,5.417,10.521,11.983,14.670,10.592,12.413,13.838,13.079,12.905,11.906,2.586,12.151,15.853,11.400,12.083,7.002,9.790,15.902,9.972,9.260,11.672,8.878,8.724,10.101,10.149,8.103,9.170,11.723,7.478,5.205,16.009,6.681,12.867,12.631,4.579,15.884,16.468,17.457,5.257,10.469,12.869,11.614,11.032
5.161,7.527,5.140,0.830,8.210,0.915,1.440,1.829,10.329,3.009,1.128,15.050,1.080,0.892,0.719,1.818,1.912,8.989,0.941,13.093,1.263,1.046,0.942,22.716,10.311,0.000,0.942,3.665,3.873,5.939,6.174,8.574,11.381,0.842,1.680,6.177,12.939,3.685,4.239,3.876,3.620,1.599,7.727,2.461,11.684,1.225,1.777,6.208,1.177,7.842,1.144,1.836,5.560,2.265,2.444,5.532,5.514,3.194,1.789,5.559,4.003,10.543,15.868,5.193,8.428,2.323,13.304,7.804,9.498,11.916,10.649,20.776,3.845,1.379,8.382
5.849,8.163,5.827,0.222,8.979,0.149,0.918,1.364,10.965,3.178,0.346,15.842,0.485,0.596,0.861,2.392,2.494,8.584,0.535,13.692,0.478,0.483,0.171,22.670,10.946,0.942,0.000,2.723,2.932,5.003,5.239,7.639,11.615,0.446,1.196,5.243,12.771,2.778,4.330,2.934,2.679,1.154,8.362,1.522,12.395,0.480,1.292,6.261,2.109,6.911,1.070,1.908,6.311,2.373,2.562,6.412,6.391,3.346,1.933,6.304,4.177,10.771,16.745,5.380,9.201,1.900,13.706,6.873,9.961,11.084,10.876,21.392,4.193,1.375,9.263
8.079,10.209,8.056,2.853,11.397,2.771,2.730,2.800,12.946,4.738,2.614,18.264,2.762,3.029,3.391,4.726,4.821,8.049,2.940,15.541,2.518,2.797,2.751,22.648,12.925,3.665,2.723,0.000,0.211,2.307,2.544,4.936,12.570,2.936,2.764,2.546,12.568,0.770,5.647,0.212,0.050,2.831,10.398,1.234,14.657,2.576,2.759,7.056,4.829,4.227,3.230,3.743,8.737,4.070,4.212,9.050,9.025,4.834,3.859,8.720,5.538,11.741,19.349,6.595,11.625,2.968,15.051,4.186,11.709,8.744,11.836,23.215,6.037,3.481,11.890
8.247,10.360,8.224,3.060,11.601,2.981,2.938,2.999,13.089,4.879,2.825,18.467,2.973,3.240,3.602,4.911,5.004,8.077,3.151,15.671,2.729,3.008,2.961,22.628,13.068,3.873,2.932,0.211,0.000,2.096,2.334,4.725,12.636,3.139,2.967,2.336,12.544,0.781,5.812,0.015,0.259,3.035,10.548,1.445,14.853,2.787,2.960,7.128,5.039,4.016,3.420,3.912,8.942,4.227,4.365,9.261,9.236,4.970,4.030,8.925,5.660,11.810,19.559,6.700,11.829,3.153,15.142,3.976,11.880,8.556,11.904,23.340,6.224,3.687,12.101
9.940,11.882,9.917,5.113,13.664,5.063,5.026,5.053,14.513,6.425,4.917,20.524,5.068,5.335,5.698,6.781,6.867,8.744,5.247,16.961,4.824,5.104,5.045,22.406,14.492,5.939,5.003,2.307,2.096,0.000,0.238,2.635,13.340,5.167,5.037,0.240,12.379,2.330,7.631,2.097,2.355,5.110,12.059,3.541,16.860,4.882,5.020,8.008,7.113,1.920,5.353,5.688,11.013,5.911,6.012,11.360,11.334,6.471,5.822,10.995,7.021,12.550,21.662,7.880,13.893,5.133,16.069,1.880,13.704,6.690,12.635,24.539,8.186,5.769,14.201
10.138,12.062,10.115,5.348,13.901,5.299,5.264,5.289,14.680,6.615,5.155,20.759,5.306,5.573,5.936,6.999,7.085,8.853,5.484,17.113,5.062,5.342,5.281,22.386,14.659,6.174,5.239,2.544,2.334,0.238,0.000,2.399,13.432,5.399,5.274,0.015,12.375,2.554,7.849,2.335,2.593,5.347,12.238,3.779,17.092,5.120,5.257,8.130,7.348,1.682,5.578,5.900,11.250,6.116,6.213,11.599,11.573,6.657,6.036,11.231,7.193,12.648,21.901,8.033,14.130,5.365,16.183,1.642,13.919,6.483,12.731,24.677,8.415,6.006,14.440
12.353,14.143,12.330,7.747,16.224,7.699,7.638,7.632,16.661,8.807,7.551,23.065,7.699,7.966,8.329,9.337,9.418,9.934,7.877,18.961,7.455,7.735,7.680,22.664,16.639,8.574,7.639,4.936,4.725,2.635,2.399,0.000,14.821,7.794,7.630,2.395,12.924,4.930,9.976,4.725,4.983,7.707,14.309,6.171,19.339,7.513,7.606,9.839,9.749,0.765,7.949,8.213,13.589,8.386,8.464,13.990,13.963,8.824,8.352,13.568,9.265,14.089,24.282,9.961,16.454,7.656,17.725,0.794,15.980,4.843,14.161,26.394,10.653,8.370,16.827
7.475,5.888,7.479,11.406,16.608,11.742,12.530,12.977,5.429,8.441,11.958,21.976,12.087,12.077,12.070,9.631,9.553,20.172,12.066,5.715,12.076,12.075,11.774,12.204,5.417,11.381,11.615,12.570,12.636,13.340,13.432,14.821,0.000,11.176,12.809,13.446,5.348,11.862,15.559,12.650,12.571,12.759,5.793,12.276,20.016,12.090,12.906,5.520,11.424,14.191,10.549,9.708,14.819,9.243,9.053,13.536,13.570,8.269,9.696,14.858,7.439,0.844,21.118,6.236,16.735,13.514,3.100,14.189,19.676,14.160,0.741,11.942,14.898,12.747,15.249
5.443,7.741,5.420,0.231,9.043,0.566,1.354,1.802,10.540,2.736,0.792,15.890,0.911,0.946,1.097,1.980,2.082,9.030,0.913,13.260,0.923,0.901,0.599,22.279,10.521,0.842,0.446,2.936,3.139,5.167,5.399,7.794,11.176,0.000,1.633,5.403,12.408,2.878,4.688,3.143,2.896,1.585,7.939,1.802,12.503,0.926,1.731,5.841,1.997,7.054,0.627,1.467,6.387,1.933,2.122,6.371,6.354,2.907,1.488,6.384,3.737,10.332,16.708,4.941,9.262,2.338,13.259,7.017,10.201,11.072,10.437,20.961,4.467,1.713,9.220
6.839,9.199,6.818,1.403,8.629,1.067,0.280,0.168,12.002,4.369,0.860,15.488,0.724,0.799,1.012,3.447,3.546,7.408,0.777,14.758,0.762,0.739,1.035,23.829,11.983,1.680,1.196,2.764,2.967,5.037,5.274,7.630,12.809,1.633,0.000,5.275,13.894,3.127,3.282,2.964,2.715,0.092,9.398,1.606,11.903,0.734,0.101,7.453,2.542,6.951,2.261,3.101,5.974,3.566,3.756,6.386,6.355,4.540,3.118,5.956,5.371,11.966,16.609,6.574,8.857,0.705,14.869,6.909,9.150,11.480,12.071,22.446,3.378,0.744,9.193
10.148,12.072,10.124,5.352,13.900,5.302,5.265,5.289,14.692,6.625,5.157,20.758,5.308,5.575,5.938,7.006,7.092,8.841,5.486,17.125,5.064,5.344,5.284,22.401,14.670,6.177,5.243,2.546,2.336,0.240,0.015,2.395,13.446,5.403,5.275,0.000,12.390,2.560,7.844,2.336,2.594,5.348,12.248,3.781,17.089,5.122,5.257,8.143,7.352,1.681,5.584,5.908,11.250,6.124,6.222,11.600,11.575,6.667,6.043,11.231,7.204,12.662,21.902,8.045,14.129,5.363,16.196,1.640,13.914,6.489,12.744,24.690,8.412,6.007,14.441
10.905,10.232,10.899,12.614,19.904,12.919,13.639,14.049,10.607,10.045,13.065,25.994,13.248,13.347,13.485,11.579,11.540,20.614,13.301,11.035,13.139,13.251,12.943,10.088,10.592,12.939,12.771,12.568,12.544,12.379,12.375,12.924,5.348,12.408,13.894,12.390,0.000,11.798,17.092,12.559,12.589,13.878,10.214,12.799,23.480,13.175,13.974,6.957,13.452,12.496,11.849,11.105,17.668,10.695,10.530,16.737,16.757,9.859,11.164,17.693,9.168,5.388,25.577,8.189,20.072,14.541,8.046,12.511,22.250,10.638,5.342,16.381,16.777,14.121,18.975
7.688,9.733,7.664,2.854,11.686,2.863,3.028,3.198,12.434,4.239,2.765,18.563,2.946,3.205,3.559,4.456,4.544,8.819,3.116,14.984,2.703,2.978,2.851,21.878,12.413,3.685,2.778,0.770,0.781,2.330,2.554,4.930,11.862,2.878,3.127,2.560,11.798,0.000,6.208,0.796,0.791,3.177,9.917,1.521,15.023,2.763,3.144,6.360,4.861,4.182,3.024,3.383,9.014,3.646,3.766,9.192,9.171,4.314,3.513,9.002,4.966,11.038,19.532,5.970,11.912,3.465,14.391,4.147,12.226,8.370,11.131,22.637,6.489,3.785,12.045
8.760,11.139,8.744,4.482,6.633,4.182,3.506,3.150,13.854,7.248,4.055,13.200,3.863,3.749,3.624,5.929,6.006,5.578,3.798,16.668,4.001,3.856,4.160,26.936,13.838,4.239,4.330,5.647,5.812,7.631,7.849,9.976,15.559,4.688,3.282,7.844,17.092,6.208,0.000,5.803,5.601,3.277,11.336,4.738,9.394,3.957,3.221,10.445,4.188,9.413,5.261,6.052,4.361,6.496,6.678,5.568,5.517,7.433,6.019,4.316,8.238,14.727,14.814,9.421,6.856,2.761,17.291,9.368,6.075,14.311,14.835,24.212,1.196,2.975,7.895
8.256,10.371,8.233,3.063,11.598,2.983,2.936,2.994,13.100,4.890,2.826,18.463,2.973,3.240,3.602,4.918,5.012,8.062,3.151,15.683,2.729,3.008,2.962,22.642,13.079,3.876,2.934,0.212,0.015,2.097,2.335,4.725,12.650,3.143,2.964,2.336,12.559,0.796,5.803,0.000,0.259,3.032,10.558,1.445,14.847,2.787,2.956,7.142,5.041,4.017,3.426,3.920,8.938,4.237,4.375,9.261,9.235,4.981,4.039,8.922,5.672,11.824,19.557,6.713,11.825,3.146,15.156,3.976,11.872,8.562,11.918,23.352,6.218,3.684,12.100
8.051,10.186,8.028,2.810,11.347,2.725,2.681,2.750,12.926,4.718,2.567,18.214,2.714,2.981,3.344,4.693,4.788,8.029,2.893,15.524,2.471,2.750,2.705,22.668,12.905,3.620,2.679,0.050,0.259,2.355,2.593,4.983,12.571,2.896,2.715,2.594,12.589,0.791,5.601,0.259,0.000,2.781,10.375,1.187,14.607,2.528,2.709,7.055,4.784,4.275,3.195,3.716,8.687,4.046,4.189,9.002,8.977,4.816,3.830,8.670,5.524,11.741,19.300,6.586,11.575,2.919,15.044,4.235,11.661,8.794,11.836,23.200,5.988,3.432,11.842
6.759,9.121,6.738,1.355,8.562,1.020,0.240,0.232,11.925,4.319,0.825,15.423,0.674,0.725,0.924,3.375,3.474,7.468,0.710,14.682,0.740,0.685,0.989,23.804,11.906,1.599,1.154,2.831,3.035,5.110,5.347,7.707,12.759,1.585,0.092,5.348,13.878,3.177,3.277,3.032,2.781,0.000,9.321,1.660,11.845,0.706,0.180,7.415,2.450,7.025,2.211,3.052,5.904,3.517,3.707,6.303,6.273,4.491,3.065,5.887,5.322,11.916,16.533,6.526,8.790,0.760,14.807,6.984,9.118,11.537,12.021,22.369,3.341,0.663,9.113
2.597,0.200,2.616,8.142,11.002,8.438,9.143,9.553,2.605,5.679,8.686,16.184,8.728,8.600,8.435,5.973,5.871,16.629,8.630,5.377,8.829,8.702,8.473,17.961,2.586,7.727,8.362,10.398,10.548,12.059,12.238,14.309,5.793,7.939,9.398,12.248,10.214,9.917,11.336,10.558,10.375,9.321,0.000,9.586,14.307,8.814,9.498,5.073,7.238,13.558,7.395,6.700,9.532,6.334,6.187,8.068,8.110,5.608,6.605,9.578,5.054,5.227,15.426,4.444,11.108,10.049,6.280,13.538,14.403,15.559,5.319,13.052,10.412,9.037,9.501
7.161,9.392,7.139,1.679,10.203,1.553,1.526,1.677,12.171,4.055,1.383,17.073,1.527,1.794,2.157,3.722,3.822,7.972,1.706,14.838,1.284,1.563,1.530,22.831,12.151,2.461,1.522,1.234,1.445,3.541,3.779,6.171,12.276,1.802,1.606,3.781,12.799,1.521,4.738,1.445,1.187,1.660,9.586,0.000,13.509,1.341,1.623,6.777,3.611,5.461,2.220,2.894,7.537,3.297,3.466,7.816,7.791,4.186,2.982,7.522,4.970,11.436,18.117,6.118,10.430,1.977,14.587,5.420,10.718,9.876,11.536,22.536,4.969,2.285,10.657
12.697,14.183,12.698,12.410,3.595,12.274,11.988,11.853,15.858,13.848,12.306,3.902,12.109,11.866,11.540,12.312,12.315,12.824,11.953,18.227,12.343,12.081,12.274,32.196,15.853,11.684,12.395,14.657,14.853,16.860,17.092,19.339,20.016,12.503,11.903,17.089,23.480,15.023,9.394,14.847,14.607,11.845,14.307,13.509,0.000,12.282,11.898,16.591,10.696,18.730,12.778,13.197,6.130,13.452,13.557,6.747,6.730,14.011,13.081,6.127,14.521,19.345,6.316,15.339,3.413,11.715,20.365,18.685,4.306,23.424,19.448,24.284,8.663,11.230,4.834
6.286,8.616,6.265,0.699,8.920,0.378,0.465,0.900,11.419,3.655,0.134,15.790,0.186,0.453,0.816,2.842,2.943,8.105,0.364,14.154,0.061,0.222,0.343,23.099,11.400,1.225,0.480,2.576,2.787,4.882,5.120,7.513,12.090,0.926,0.734,5.122,13.175,2.763,3.957,2.787,2.528,0.706,8.814,1.341,12.282,0.000,0.826,6.720,2.308,6.802,1.549,2.386,6.250,2.850,3.039,6.476,6.451,3.822,2.413,6.238,4.652,11.246,16.782,5.854,9.145,1.431,14.185,6.762,9.707,11.130,11.350,21.851,3.922,1.089,9.318
6.938,9.298,6.916,1.500,8.639,1.165,0.378,0.075,12.101,4.467,0.953,15.495,0.823,0.899,1.103,3.548,3.647,7.308,0.878,14.858,0.851,0.838,1.132,23.914,12.083,1.777,1.292,2.759,2.960,5.020,5.257,7.606,12.906,1.731,0.101,5.257,13.974,3.144,3.221,2.956,2.709,0.180,9.498,1.623,11.898,0.826,0.000,7.546,2.623,6.931,2.358,3.198,5.988,3.663,3.853,6.425,6.394,4.637,3.217,5.970,5.468,12.063,16.634,6.671,8.867,0.608,14.969,6.889,9.114,11.486,12.168,22.546,3.350,0.787,9.227
4.416,4.965,4.403,6.068,13.000,6.399,7.177,7.620,7.024,3.205,6.594,19.299,6.745,6.779,6.838,4.673,4.624,14.720,6.753,9.142,6.698,6.739,6.429,16.526,7.002,6.208,6.261,7.056,7.128,8.008,8.130,9.839,5.520,5.841,7.453,8.143,6.957,6.360,10.445,7.142,7.055,7.415,5.073,6.777,16.591,6.720,7.546,0.000,6.560,9.137,5.227,4.405,10.715,3.952,3.768,9.841,9.857,3.018,4.428,10.740,2.249,4.687,19.219,1.252,13.176,8.150,8.075,9.126,15.320,10.508,4.783,16.589,9.978,7.509,12.234
4.641,7.038,4.623,2.007,7.169,2.059,2.375,2.650,9.807,3.410,2.239,13.969,2.135,1.886,1.558,1.887,1.941,9.398,1.963,12.609,2.358,2.098,2.081,23.053,9.790,1.177,2.109,4.829,5.039,7.113,7.348,9.749,11.424,1.997,2.542,7.352,13.452,4.861,4.188,5.041,4.784,2.450,7.238,3.611,10.696,2.308,2.623,6.560,0.000,9.019,2.107,2.519,4.564,2.834,2.972,4.385,4.370,3.595,2.414,4.570,4.311,10.601,14.712,5.422,7.382,3.036,13.105,8.981,8.817,13.054,10.709,20.240,3.481,1.947,7.229
11.589,13.391,11.566,7.013,15.571,6.975,6.946,6.961,15.923,8.043,6.835,22.426,6.988,7.255,7.618,8.576,8.656,9.749,7.166,18.245,6.743,7.023,6.958,22.331,15.902,7.842,6.911,4.227,4.016,1.920,1.682,0.765,14.191,7.054,6.951,1.681,12.496,4.182,9.413,4.017,4.275,7.025,13.558,5.461,18.730,6.802,6.931,9.137,9.019,0.000,7.196,7.449,12.925,7.620,7.699,13.284,13.258,8.062,7.589,12.905,8.510,13.447,23.594,9.225,15.800,7.014,17.067,0.046,15.454,5.113,13.521,25.706,10.041,7.686,16.127
4.943,7.199,4.920,0.858,9.270,1.193,1.981,2.429,9.991,2.109,1.415,16.082,1.538,1.552,1.639,1.507,1.606,9.654,1.529,12.692,1.541,1.527,1.226,21.688,9.972,1.144,1.070,3.230,3.420,5.353,5.578,7.949,10.549,0.627,2.261,5.584,11.849,3.024,5.261,3.426,3.195,2.211,7.395,2.220,12.778,1.549,2.358,5.227,2.107,7.196,0.000,0.840,6.643,1.306,1.495,6.472,6.460,2.279,0.865,6.645,3.110,9.705,16.785,4.314,9.485,2.965,12.642,7.161,10.641,10.980,9.810,20.395,4.963,2.294,9.303
4.337,6.507,4.313,1.698,9.644,2.034,2.821,3.269,9.280,1.269,2.253,16.388,2.378,2.383,2.434,1.155,1.223,10.489,2.365,11.948,2.375,2.367,2.066,20.894,9.260,1.836,1.908,3.743,3.912,5.688,5.900,8.213,9.708,1.467,3.101,5.908,11.105,3.383,6.052,3.920,3.716,3.052,6.700,2.894,13.197,2.386,3.198,4.405,2.519,7.449,0.840,0.000,7.072,0.465,0.655,6.712,6.707,1.439,0.145,7.080,2.270,8.865,16.938,3.474,9.851,3.805,11.820,7.418,11.269,10.896,8.970,19.650,5.676,3.104,9.494
7.354,9.363,7.348,6.308,2.669,6.198,6.011,5.956,11.683,7.796,6.257,9.527,6.069,5.815,5.472,6.240,6.254,9.542,5.903,14.407,6.310,6.039,6.203,26.869,11.672,5.560,6.311,8.737,8.942,11.013,11.250,13.589,14.819,6.387,5.974,11.250,17.668,9.014,4.361,8.938,8.687,5.904,9.532,7.537,6.130,6.250,5.988,10.715,4.564,12.925,6.643,7.072,0.000,7.345,7.461,1.670,1.614,7.968,6.959,0.058,8.549,14.064,10.683,9.482,2.893,5.937,15.809,12.882,4.884,17.394,14.172,21.517,3.241,5.254,3.535
4.042,6.143,4.019,2.163,9.881,2.499,3.287,3.734,8.899,0.806,2.717,16.579,2.844,2.846,2.887,1.198,1.232,10.951,2.829,11.545,2.838,2.832,2.531,20.454,8.878,2.265,2.373,4.070,4.227,5.911,6.116,8.386,9.243,1.933,3.566,6.124,10.695,3.646,6.496,4.237,4.046,3.517,6.334,3.297,13.452,2.850,3.663,3.952,2.834,7.620,1.306,0.465,7.345,0.000,0.190,6.892,6.890,0.974,0.477,7.357,1.805,8.400,17.046,3.009,10.084,4.271,11.368,7.592,11.632,10.870,8.505,19.244,6.088,3.560,9.635
3.930,5.998,3.906,2.353,9.980,2.689,3.476,3.924,8.745,0.617,2.907,16.658,3.033,3.035,3.072,1.263,1.284,11.140,3.018,11.381,3.027,3.022,2.721,20.276,8.724,2.444,2.562,4.212,4.365,6.012,6.213,8.464,9.053,2.122,3.756,6.222,10.530,3.766,6.678,4.375,4.189,3.707,6.187,3.466,13.557,3.039,3.853,3.768,2.972,7.699,1.495,0.655,7.461,0.190,0.000,6.971,6.971,0.784,0.660,7.473,1.615,8.210,17.091,2.819,10.182,4.460,11.183,7.671,11.780,10.868,8.315,19.078,6.257,3.746,9.696
6.081,7.910,6.079,6.351,3.167,6.329,6.349,6.412,10.111,7.188,6.449,9.674,6.289,6.022,5.660,5.707,5.694,10.988,6.111,12.803,6.534,6.254,6.342,25.674,10.101,5.532,6.412,9.050,9.261,11.360,11.599,13.990,13.536,6.371,6.386,11.600,16.737,9.192,5.568,9.261,9.002,6.303,8.068,7.816,6.747,6.476,6.425,9.841,4.385,13.284,6.472,6.712,1.670,6.892,6.971,0.000,0.057,7.340,6.581,1.727,7.798,12.812,10.323,8.589,3.336,6.529,14.336,13.244,6.372,17.453,12.918,19.855,4.376,5.641,2.849
6.113,7.951,6.111,6.332,3.147,6.307,6.321,6.380,10.159,7.193,6.425,9.675,6.264,5.997,5.635,5.707,5.695,10.933,6.087,12.853,6.510,6.229,6.320,25.705,10.149,5.514,6.391,9.025,9.236,11.334,11.573,13.963,13.570,6.354,6.355,11.575,16.757,9.171,5.517,9.235,8.977,6.273,8.110,7.791,6.730,6.451,6.394,9.857,4.370,13.258,6.460,6.707,1.614,6.890,6.971,0.057,0.000,7.346,6.576,1.671,7.808,12.845,10.342,8.606,3.318,6.494,14.379,13.218,6.325,17.437,12.951,19.909,4.326,5.611,2.870
3.538,5.426,3.515,3.137,10.418,3.473,4.260,4.708,8.124,0.188,3.690,17.003,3.818,3.817,3.843,1.740,1.716,11.920,3.801,10.712,3.810,3.806,3.505,19.541,8.103,3.194,3.346,4.834,4.970,6.471,6.657,8.824,8.269,2.907,4.540,6.667,9.859,4.314,7.433,4.981,4.816,4.491,5.608,4.186,14.011,3.822,4.637,3.018,3.595,8.062,2.279,1.439,7.968,0.974,0.784,7.340,7.346,0.000,1.435,7.984,0.831,7.426,17.300,2.035,10.612,5.244,10.422,8.037,12.407,10.891,7.531,18.397,6.968,4.519,9.985
4.222,6.412,4.199,1.718,9.523,2.053,2.839,3.286,9.190,1.258,2.279,16.259,2.394,2.383,2.412,1.009,1.078,10.517,2.370,11.869,2.406,2.381,2.086,20.931,9.170,1.789,1.933,3.859,4.030,5.822,6.036,8.352,9.696,1.488,3.118,6.043,11.164,3.513,6.019,4.039,3.830,3.065,6.605,2.982,13.081,2.413,3.217,4.428,2.414,7.589,0.865,0.145,6.959,0.477,0.660,6.581,6.576,1.435,0.000,6.968,2.263,8.854,16.798,3.467,9.729,3.823,11.778,7.558,11.185,11.040,8.959,19.571,5.617,3.087,9.357
7.394,9.409,7.388,6.303,2.680,6.191,5.996,5.937,11.734,7.813,6.247,9.538,6.059,5.805,5.463,6.255,6.270,9.488,5.893,14.460,6.299,6.028,6.195,26.903,11.723,5.559,6.304,8.720,8.925,10.995,11.231,13.568,14.858,6.384,5.956,11.231,17.693,9.002,4.316,8.922,8.670,5.887,9.578,7.522,6.127,6.238,5.970,10.740,4.570,12.905,6.645,7.080,0.058,7.357,7.473,1.727,1.671,7.984,6.968,0.000,8.570,14.101,10.710,9.508,2.905,5.913,15.855,12.862,4.841,17.384,14.209,21.572,3.201,5.239,3.579
3.277,4.883,3.256,3.968,10.923,4.304,5.091,5.539,7.499,1.005,4.520,17.398,4.648,4.646,4.664,2.425,2.379,12.748,4.631,10.020,4.639,4.637,4.336,18.766,7.478,4.003,4.177,5.538,5.660,7.021,7.193,9.265,7.439,3.737,5.371,7.204,9.168,4.966,8.238,5.672,5.524,5.322,5.054,4.970,14.521,4.652,5.468,2.249,4.311,8.510,3.110,2.270,8.549,1.805,1.615,7.798,7.808,0.831,2.263,8.570,0.000,6.595,17.555,1.204,11.110,6.075,9.619,8.489,13.089,10.978,6.700,17.685,7.735,5.341,10.346
6.736,5.301,6.740,10.563,15.907,10.899,11.686,12.134,5.219,7.598,11.114,21.398,11.243,11.235,11.230,8.799,8.722,19.328,11.223,5.925,11.232,11.232,10.931,12.885,5.205,10.543,10.771,11.741,11.810,12.550,12.648,14.089,0.844,10.332,11.966,12.662,5.388,11.038,14.727,11.824,11.741,11.916,5.227,11.436,19.345,11.246,12.063,4.687,10.601,13.447,9.705,8.865,14.064,8.400,8.210,12.812,12.845,7.426,8.854,14.101,6.595,0.000,20.636,5.392,16.040,12.670,3.687,13.443,18.909,13.611,0.109,12.525,14.077,11.907,14.604
14.818,15.378,14.830,16.689,8.176,16.656,16.611,16.609,16.004,17.179,16.764,3.186,16.595,16.329,15.968,15.845,15.810,18.965,16.419,17.647,16.842,16.561,16.668,32.980,16.009,15.868,16.745,19.349,19.559,21.662,21.901,24.282,21.118,16.708,16.609,21.902,25.577,19.532,14.814,19.557,19.300,16.533,15.426,18.117,6.316,16.782,16.634,19.219,14.712,23.594,16.785,16.938,10.683,17.046,17.091,10.323,10.342,17.300,16.798,10.710,17.555,20.636,0.000,18.021,7.951,16.626,20.505,23.552,10.587,27.834,20.722,21.987,13.832,15.869,7.473
3.297,4.301,3.281,5.172,11.749,5.507,6.295,6.742,6.703,2.209,5.723,18.055,5.852,5.850,5.862,3.543,3.483,13.944,5.836,9.085,5.841,5.841,5.539,17.638,6.681,5.193,5.380,6.595,6.700,7.880,8.033,9.961,6.236,4.941,6.574,8.045,8.189,5.970,9.421,6.713,6.586,6.526,4.444,6.118,15.339,5.854,6.671,1.252,5.422,9.225,4.314,3.474,9.482,3.009,2.819,8.589,8.606,2.035,3.467,9.508,1.204,5.392,18.021,0.000,11.924,7.279,8.478,9.208,14.125,11.175,5.497,16.694,8.880,6.540,10.991
9.343,10.970,9.343,9.192,0.229,9.091,8.902,8.833,12.874,10.453,9.153,6.630,8.965,8.710,8.366,8.929,8.928,11.365,8.799,15.403,9.206,8.934,9.096,28.906,12.867,8.428,9.201,11.625,11.829,13.893,14.130,16.454,16.735,9.262,8.857,14.129,20.072,11.912,6.856,11.825,11.575,8.790,11.108,10.430,3.413,9.145,8.867,13.176,7.382,15.800,9.485,9.851,2.893,10.084,10.182,3.336,3.318,10.612,9.729,2.905,11.110,16.040,7.951,11.924,0.000,8.781,17.287,15.757,4.206,20.301,16.144,21.962,5.890,8.144,2.139
7.476,9.849,7.455,2.107,8.552,1.772,0.984,0.536,12.650,5.074,1.559,15.375,1.428,1.477,1.615,4.122,4.220,6.708,1.469,15.416,1.452,1.442,1.739,24.498,12.631,2.323,1.900,2.968,3.153,5.133,5.365,7.656,13.514,2.338,0.705,5.363,14.541,3.465,2.761,3.146,2.919,0.760,10.049,1.977,11.715,1.431,0.608,8.150,3.036,7.014,2.965,3.805,5.937,4.271,4.460,6.529,6.494,5.244,3.823,5.913,6.075,12.670,16.626,7.279,8.781,0.000,15.566,6.971,8.760,11.712,12.775,23.097,3.071,1.090,9.281
8.637,6.448,8.649,13.487,17.197,13.817,14.592,15.035,4.578,10.571,14.051,21.799,14.149,14.092,14.019,11.489,11.397,22.274,14.097,3.328,14.181,14.131,13.851,12.516,4.579,13.304,13.706,15.051,15.142,16.069,16.183,17.725,3.100,13.259,14.869,16.196,8.046,14.391,17.291,15.156,15.044,14.807,6.280,14.587,20.365,14.185,14.969,8.075,13.105,17.067,12.642,11.820,15.809,11.368,11.183,14.336,14.379,10.422,11.778,15.855,9.619,3.687,20.505,8.478,17.287,15.566,0.000,17.061,20.678,17.254,3.633,8.851,16.476,14.680,15.536
11.563,13.370,11.540,6.975,15.527,6.937,6.905,6.919,15.905,8.018,6.795,22.382,6.948,7.216,7.578,8.544,8.625,9.709,7.126,18.232,6.704,6.984,6.919,22.352,15.884,7.804,6.873,4.186,3.976,1.880,1.642,0.794,14.189,7.017,6.909,1.640,12.511,4.147,9.368,3.976,4.235,6.984,13.538,5.420,18.685,6.762,6.889,9.126,8.981,0.046,7.161,7.418,12.882,7.592,7.671,13.244,13.218,8.037,7.558,12.862,8.489,13.443,23.552,9.208,15.757,6.971,17.061,0.000,15.409,5.157,13.518,25.696,9.997,7.644,16.086
12.227,14.237,12.220,10.046,4.147,9.819,9.315,9.052,16.478,12.224,9.772,8.141,9.566,9.372,9.118,10.678,10.716,8.565,9.446,19.146,9.762,9.547,9.808,31.653,16.468,9.498,9.961,11.709,11.880,13.704,13.919,15.980,19.676,10.201,9.150,13.914,22.250,12.226,6.075,11.872,11.661,9.118,14.403,10.718,4.306,9.707,9.114,15.320,8.817,15.454,10.641,11.269,4.884,11.632,11.780,6.372,6.325,12.407,11.185,4.841,13.089,18.909,10.587,14.125,4.206,8.760,20.678,15.409,0.000,20.402,19.017,25.999,5.784,8.621,6.334
14.257,15.436,14.236,11.113,20.076,11.189,11.399,11.533,17.478,10.956,11.121,26.983,11.309,11.564,11.909,12.035,12.087,14.777,11.475,19.266,11.069,11.340,11.182,19.404,17.457,11.916,11.084,8.744,8.556,6.690,6.483,4.843,14.160,11.072,11.480,6.489,10.638,8.370,14.311,8.562,8.794,11.537,15.559,9.876,23.424,11.130,11.486,10.508,13.054,5.113,10.980,10.896,17.394,10.870,10.868,17.453,17.437,10.891,11.040,17.384,10.978,13.611,27.834,11.175,20.301,11.712,17.254,5.157,20.402,0.000,13.651,26.089,14.788,12.159,20.307
6.843,5.395,6.846,10.668,16.012,11.004,11.791,12.239,5.272,7.703,11.219,21.494,11.348,11.340,11.336,8.907,8.830,19.431,11.329,5.926,11.336,11.337,11.036,12.781,5.257,10.649,10.876,11.836,11.904,12.635,12.731,14.161,0.741,10.437,12.071,12.744,5.342,11.131,14.835,11.918,11.836,12.021,5.319,11.536,19.448,11.350,12.168,4.783,10.709,13.521,9.810,8.970,14.172,8.505,8.315,12.918,12.951,7.531,8.959,14.209,6.700,0.109,20.722,5.497,16.144,12.775,3.633,13.518,19.017,13.651,0.000,12.476,14.186,12.014,14.705
15.631,13.252,15.651,21.171,21.959,21.473,22.189,22.601,10.451,18.508,21.721,24.305,21.770,21.648,21.484,19.013,18.912,29.631,21.676,7.706,21.863,21.745,21.509,16.307,10.469,20.776,21.392,23.215,23.340,24.539,24.677,26.394,11.942,20.961,22.446,24.690,16.381,22.637,24.212,23.352,23.200,22.369,13.052,22.536,24.284,21.851,22.546,16.589,20.240,25.706,20.395,19.650,21.517,19.244,19.078,19.855,19.909,18.397,19.571,21.572,17.685,12.525,21.987,16.694,21.962,23.097,8.851,25.696,25.999,26.089,12.476,0.000,23.185,22.079,19.864
7.871,10.218,7.857,4.295,5.662,4.048,3.531,3.293,12.884,6.780,3.989,12.380,3.784,3.600,3.371,5.338,5.402,6.740,3.670,15.698,3.977,3.766,4.036,26.490,12.869,3.845,4.193,6.037,6.224,8.186,8.415,10.653,14.898,4.467,3.378,8.412,16.777,6.489,1.196,6.218,5.988,3.341,10.412,4.969,8.663,3.922,3.350,9.978,3.481,10.041,4.963,5.676,3.241,6.088,6.257,4.376,4.326,6.968,5.617,3.201,7.735,14.077,13.832,8.880,5.890,3.071,16.476,9.997,5.784,14.788,14.186,23.185,0.000,2.838,6.771
6.450,8.837,6.430,1.510,7.917,1.227,0.759,0.783,11.632,4.338,1.151,14.780,0.946,0.782,0.678,3.192,3.284,7.626,0.842,14.413,1.146,0.929,1.210,23.979,11.614,1.379,1.375,3.481,3.687,5.769,6.006,8.370,12.747,1.713,0.744,6.007,14.121,3.785,2.975,3.684,3.432,0.663,9.037,2.285,11.230,1.089,0.787,7.509,1.947,7.686,2.294,3.104,5.254,3.560,3.746,5.641,5.611,4.519,3.087,5.239,5.341,11.907,15.869,6.540,8.144,1.090,14.680,7.644,8.621,12.159,12.014,22.079,2.838,0.000,8.450
8.077,9.384,8.081,9.203,2.187,9.178,9.173,9.208,11.037,9.848,9.294,7.054,9.131,8.864,8.503,8.437,8.412,12.917,8.954,13.465,9.377,9.097,9.191,27.434,11.032,8.382,9.263,11.890,12.101,14.201,14.440,16.827,15.249,9.220,9.193,14.441,18.975,12.045,7.895,12.100,11.842,9.113,9.501,10.657,4.834,9.318,9.227,12.234,7.229,16.127,9.303,9.494,3.535,9.635,9.696,2.849,2.870,9.985,9.357,3.579,10.346,14.604,7.473,10.991,2.139,9.281,15.536,16.086,6.334,20.307,14.705,19.864,6.771,8.450,0.000
