0.000,2.370,1.963,1.184,0.941,0.535,0.452,0.423,1.529,0.913,0.315,0.693,0.228,0.354,0.132,0.200,0.329,0.488,0.386,0.143,0.090,0.364,0.179,0.368,0.215,0.692,8.574,0.513,0.940,11.235,3.627,15.443,2.672,2.771,8.177,13.986,23.187,11.216,2.940,3.151,5.247,5.484,7.877,12.066,0.777,6.079,5.486,13.301,3.116,8.431,3.798,3.151,2.893,0.710,8.630,1.706,6.058,11.953,0.878,6.753,7.166,2.365,5.903,2.829,3.018,6.111,6.087,3.801,5.893,4.631,11.223,16.419,5.836,8.799,1.469
2.370,0.000,2.414,1.210,1.789,1.933,2.412,2.406,0.865,1.488,2.134,1.713,2.343,2.279,2.458,2.452,2.447,1.923,2.053,2.381,2.383,2.413,2.394,2.086,2.321,1.718,9.523,2.839,3.286,9.190,1.258,16.259,1.009,1.078,10.517,11.869,20.931,9.170,3.859,4.030,5.822,6.036,8.352,9.696,3.118,4.222,6.043,11.164,3.513,6.412,6.019,4.039,3.830,3.065,6.605,2.982,4.199,13.081,3.217,4.428,7.589,0.145,6.959,0.477,0.660,6.581,6.576,1.435,6.968,2.263,8.854,16.798,3.467,9.729,3.823
1.963,2.414,0.000,2.017,1.177,2.109,1.558,2.358,2.107,1.997,2.072,1.998,2.159,2.239,1.908,2.163,2.285,2.010,2.059,2.098,1.886,2.308,2.135,2.081,2.135,2.007,7.169,2.375,2.650,9.807,3.410,13.969,1.887,1.941,9.398,12.609,23.053,9.790,4.829,5.039,7.113,7.348,9.749,11.424,2.542,4.641,7.352,13.452,4.861,7.038,4.188,5.041,4.784,2.450,7.238,3.611,4.623,10.696,2.623,6.560,9.019,2.519,4.564,2.834,2.972,4.385,4.370,3.595,4.570,4.311,10.601,14.712,5.422,7.382,3.036
1.184,1.210,2.017,0.000,0.932,0.723,1.326,1.197,0.349,0.278,0.927,0.505,1.136,1.069,1.286,1.246,1.236,0.717,0.845,1.178,1.211,1.202,1.189,0.877,1.113,0.509,9.134,1.632,2.080,10.293,2.458,15.968,1.755,1.856,9.307,13.005,22.018,10.273,3.059,3.257,5.246,5.475,7.862,10.898,1.912,5.214,5.481,12.162,2.932,7.496,4.939,3.262,3.021,1.863,7.693,1.978,5.191,12.617,2.009,5.569,7.116,1.189,6.489,1.655,1.844,6.403,6.388,2.628,6.489,3.459,10.054,16.734,4.663,9.351,2.616
0.941,1.789,1.177,0.932,0.000,0.942,0.719,1.263,1.144,0.842,0.945,0.821,1.082,1.128,0.946,1.124,1.217,0.846,0.915,1.046,0.892,1.225,1.080,0.942,1.054,0.830,8.210,1.440,1.829,10.329,3.009,15.050,1.818,1.912,8.989,13.093,22.716,10.311,3.665,3.873,5.939,6.174,8.574,11.381,1.680,5.161,6.177,12.939,3.685,7.527,4.239,3.876,3.620,1.599,7.727,2.461,5.140,11.684,1.777,6.208,7.842,1.836,5.560,2.265,2.444,5.532,5.514,3.194,5.559,4.003,10.543,15.868,5.193,8.428,2.323
0.535,1.933,2.109,0.723,0.942,0.000,0.861,0.478,1.070,0.446,0.227,0.229,0.423,0.346,0.662,0.540,0.514,0.101,0.149,0.483,0.596,0.480,0.485,0.171,0.405,0.222,8.979,0.918,1.364,10.965,3.178,15.842,2.392,2.494,8.584,13.692,22.670,10.946,2.723,2.932,5.003,5.239,7.639,11.615,1.196,5.849,5.243,12.771,2.778,8.163,4.330,2.934,2.679,1.154,8.362,1.522,5.827,12.395,1.292,6.261,6.911,1.908,6.311,2.373,2.562,6.412,6.391,3.346,6.304,4.177,10.771,16.745,5.380,9.201,1.900
0.452,2.412,1.558,1.326,0.719,0.861,0.000,0.874,1.639,1.097,0.694,0.924,0.678,0.795,0.362,0.641,0.778,0.777,0.733,0.594,0.362,0.816,0.630,0.734,0.661,0.928,8.142,0.819,1.145,11.036,3.661,15.008,2.537,2.631,8.270,13.805,23.320,11.017,3.391,3.602,5.698,5.936,8.329,12.070,1.012,5.861,5.938,13.485,3.559,8.235,3.624,3.602,3.344,0.924,8.435,2.157,5.840,11.540,1.103,6.838,7.618,2.434,5.472,2.887,3.072,5.660,5.635,3.843,5.463,4.664,11.230,15.968,5.862,8.366,1.615
0.423,2.406,2.358,1.197,1.263,0.478,0.874,0.000,1.541,0.923,0.332,0.706,0.201,0.144,0.530,0.249,0.113,0.515,0.392,0.280,0.512,0.061,0.246,0.357,0.223,0.699,8.981,0.501,0.925,11.433,3.644,15.851,2.856,2.958,8.114,14.164,23.068,11.413,2.518,2.729,4.824,5.062,7.455,12.076,0.762,6.305,5.064,13.139,2.703,8.630,4.001,2.729,2.471,0.740,8.829,1.284,6.283,12.343,0.851,6.698,6.743,2.375,6.310,2.838,3.027,6.534,6.510,3.810,6.299,4.639,11.232,16.842,5.841,9.206,1.452
1.529,0.865,2.107,0.349,1.144,1.070,1.639,1.541,0.000,0.627,1.276,0.854,1.484,1.415,1.627,1.595,1.584,1.065,1.193,1.527,1.552,1.549,1.538,1.226,1.462,0.858,9.270,1.981,2.429,9.991,2.109,16.082,1.507,1.606,9.654,12.692,21.688,9.972,3.230,3.420,5.353,5.578,7.949,10.549,2.261,4.943,5.584,11.849,3.024,7.199,5.261,3.426,3.195,2.211,7.395,2.220,4.920,12.778,2.358,5.227,7.196,0.840,6.643,1.306,1.495,6.472,6.460,2.279,6.645,3.110,9.705,16.785,4.314,9.485,2.965
0.913,1.488,1.997,0.278,0.842,0.446,1.097,0.923,0.627,0.000,0.649,0.227,0.857,0.792,1.020,0.968,0.959,0.439,0.566,0.901,0.946,0.926,0.911,0.599,0.835,0.231,9.043,1.354,1.802,10.540,2.736,15.890,1.980,2.082,9.030,13.260,22.279,10.521,2.936,3.139,5.167,5.399,7.794,11.176,1.633,5.443,5.403,12.408,2.878,7.741,4.688,3.143,2.896,1.585,7.939,1.802,5.420,12.503,1.731,5.841,7.054,1.467,6.387,1.933,2.122,6.371,6.354,2.907,6.384,3.737,10.332,16.708,4.941,9.262,2.338
0.315,2.134,2.072,0.927,0.945,0.227,0.694,0.332,1.276,0.649,0.000,0.422,0.210,0.189,0.445,0.320,0.326,0.211,0.083,0.258,0.385,0.309,0.264,0.055,0.187,0.418,8.836,0.705,1.153,11.111,3.384,15.702,2.534,2.635,8.386,13.847,22.896,11.091,2.765,2.976,5.063,5.300,7.698,11.824,0.985,5.978,5.302,12.998,2.880,8.307,4.105,2.977,2.719,0.937,8.506,1.540,5.956,12.233,1.083,6.482,6.977,2.116,6.166,2.581,2.771,6.317,6.294,3.555,6.157,4.386,10.981,16.640,5.590,9.059,1.690
0.693,1.713,1.998,0.505,0.821,0.229,0.924,0.706,0.854,0.227,0.422,0.000,0.631,0.571,0.806,0.742,0.735,0.212,0.340,0.675,0.733,0.704,0.685,0.373,0.609,0.010,8.964,1.127,1.575,10.738,2.963,15.820,2.166,2.268,8.805,13.464,22.495,10.718,2.863,3.069,5.123,5.358,7.757,11.402,1.407,5.626,5.361,12.614,2.864,7.936,4.481,3.073,2.820,1.358,8.135,1.689,5.603,12.404,1.504,6.065,7.023,1.694,6.301,2.159,2.349,6.342,6.323,3.133,6.296,3.964,10.559,16.680,5.168,9.185,2.112
0.228,2.343,2.159,1.136,1.082,0.423,0.678,0.201,1.484,0.857,0.210,0.631,0.000,0.135,0.348,0.119,0.136,0.420,0.291,0.094,0.318,0.149,0.073,0.259,0.028,0.627,8.801,0.497,0.945,11.306,3.593,15.670,2.731,2.832,8.177,14.046,23.087,11.287,2.717,2.928,5.023,5.260,7.655,12.033,0.776,6.167,5.263,13.179,2.888,8.503,3.934,2.929,2.670,0.731,8.702,1.483,6.145,12.175,0.874,6.684,6.942,2.324,6.130,2.790,2.979,6.337,6.313,3.763,6.120,4.594,11.189,16.648,5.798,9.026,1.481
0.354,2.279,2.239,1.069,1.128,0.346,0.795,0.144,1.415,0.792,0.189,0.571,0.135,0.000,0.479,0.242,0.171,0.374,0.249,0.228,0.443,0.134,0.206,0.214,0.140,0.565,8.928,0.585,1.026,11.290,3.522,15.797,2.714,2.815,8.238,14.023,22.982,11.271,2.614,2.825,4.917,5.155,7.551,11.958,0.860,6.162,5.157,13.065,2.765,8.487,4.055,2.826,2.567,0.825,8.686,1.383,6.140,12.306,0.953,6.594,6.835,2.253,6.257,2.717,2.907,6.449,6.425,3.690,6.247,4.520,11.114,16.764,5.723,9.153,1.559
0.132,2.458,1.908,1.286,0.946,0.662,0.362,0.530,1.627,1.020,0.445,0.806,0.348,0.479,0.000,0.286,0.426,0.608,0.514,0.255,0.075,0.470,0.286,0.498,0.340,0.806,8.454,0.496,0.891,11.266,3.715,15.322,2.717,2.815,8.111,14.023,23.298,11.247,3.038,3.249,5.345,5.583,7.973,12.151,0.736,6.103,5.585,13.419,3.232,8.463,3.677,3.248,2.990,0.660,8.662,1.804,6.082,11.826,0.835,6.854,7.266,2.458,5.783,2.922,3.110,6.011,5.985,3.892,5.773,4.721,11.309,16.311,5.925,8.679,1.408
0.200,2.452,2.163,1.246,1.124,0.540,0.641,0.249,1.595,0.968,0.320,0.742,0.119,0.242,0.286,0.000,0.141,0.530,0.403,0.081,0.282,0.188,0.058,0.372,0.135,0.738,8.732,0.387,0.834,11.387,3.704,15.601,2.815,2.915,8.072,14.131,23.206,11.368,2.752,2.963,5.059,5.297,7.688,12.144,0.666,6.240,5.299,13.298,2.951,8.583,3.816,2.963,2.704,0.617,8.782,1.518,6.218,12.094,0.765,6.801,6.980,2.436,6.061,2.901,3.091,6.297,6.271,3.875,6.050,4.706,11.301,16.598,5.910,8.957,1.371
0.329,2.447,2.285,1.236,1.217,0.514,0.778,0.113,1.584,0.959,0.326,0.735,0.136,0.171,0.426,0.141,0.000,0.530,0.401,0.188,0.416,0.056,0.152,0.366,0.163,0.729,8.872,0.417,0.856,11.435,3.691,15.741,2.858,2.960,8.071,14.172,23.148,11.416,2.614,2.825,4.920,5.158,7.550,12.128,0.689,6.298,5.160,13.227,2.811,8.631,3.902,2.824,2.566,0.657,8.830,1.379,6.276,12.230,0.782,6.764,6.841,2.422,6.201,2.886,3.076,6.436,6.411,3.860,6.189,4.690,11.284,16.739,5.893,9.097,1.389
0.488,1.923,2.010,0.717,0.846,0.101,0.777,0.515,1.065,0.439,0.211,0.212,0.420,0.374,0.608,0.530,0.530,0.000,0.130,0.463,0.537,0.505,0.473,0.165,0.397,0.209,8.883,0.916,1.364,10.917,3.174,15.745,2.341,2.443,8.597,13.650,22.701,10.898,2.821,3.030,5.103,5.339,7.739,11.614,1.195,5.793,5.342,12.813,2.879,8.115,4.285,3.032,2.776,1.146,8.313,1.616,5.771,12.303,1.293,6.277,7.011,1.906,6.216,2.371,2.561,6.311,6.291,3.345,6.209,4.176,10.771,16.644,5.380,9.105,1.900
0.386,2.053,2.059,0.845,0.915,0.149,0.733,0.392,1.193,0.566,0.083,0.340,0.291,0.249,0.514,0.403,0.401,0.130,0.000,0.340,0.449,0.378,0.346,0.035,0.269,0.336,8.868,0.788,1.235,11.042,3.302,15.733,2.465,2.567,8.467,13.776,22.815,11.023,2.771,2.981,5.063,5.299,7.699,11.742,1.067,5.913,5.302,12.919,2.863,8.239,4.182,2.983,2.725,1.020,8.438,1.553,5.891,12.274,1.165,6.399,6.975,2.034,6.198,2.499,2.689,6.329,6.307,3.473,6.191,4.304,10.899,16.656,5.507,9.091,1.772
0.143,2.381,2.098,1.178,1.046,0.483,0.594,0.280,1.527,0.901,0.258,0.675,0.094,0.228,0.255,0.081,0.188,0.463,0.340,0.000,0.232,0.222,0.037,0.312,0.092,0.672,8.710,0.461,0.906,11.306,3.634,15.578,2.735,2.835,8.146,14.051,23.153,11.287,2.797,3.008,5.104,5.342,7.735,12.075,0.739,6.159,5.344,13.251,2.978,8.502,3.856,3.008,2.750,0.685,8.702,1.563,6.138,12.081,0.838,6.739,7.023,2.367,6.039,2.832,3.022,6.254,6.229,3.806,6.028,4.637,11.232,16.561,5.841,8.934,1.442
0.090,2.383,1.886,1.211,0.892,0.596,0.362,0.512,1.552,0.946,0.385,0.733,0.318,0.443,0.075,0.282,0.416,0.537,0.449,0.232,0.000,0.453,0.267,0.436,0.305,0.733,8.486,0.548,0.957,11.204,3.641,15.353,2.650,2.749,8.182,13.959,23.223,11.186,3.029,3.240,5.335,5.573,7.966,12.077,0.799,6.044,5.575,13.347,3.205,8.401,3.749,3.240,2.981,0.725,8.600,1.794,6.023,11.866,0.899,6.779,7.255,2.383,5.815,2.846,3.035,6.022,5.997,3.817,5.805,4.646,11.235,16.329,5.850,8.710,1.477
0.364,2.413,2.308,1.202,1.225,0.480,0.816,0.061,1.549,0.926,0.309,0.704,0.149,0.134,0.470,0.188,0.056,0.505,0.378,0.222,0.453,0.000,0.186,0.343,0.173,0.699,8.920,0.465,0.900,11.419,3.655,15.790,2.842,2.943,8.105,14.154,23.099,11.400,2.576,2.787,4.882,5.120,7.513,12.090,0.734,6.286,5.122,13.175,2.763,8.616,3.957,2.787,2.528,0.706,8.814,1.341,6.265,12.282,0.826,6.720,6.802,2.386,6.250,2.850,3.039,6.476,6.451,3.822,6.238,4.652,11.246,16.782,5.854,9.145,1.431
0.179,2.394,2.135,1.189,1.080,0.485,0.630,0.246,1.538,0.911,0.264,0.685,0.073,0.206,0.286,0.058,0.152,0.473,0.346,0.037,0.267,0.186,0.000,0.316,0.082,0.681,8.740,0.445,0.892,11.333,3.646,15.609,2.760,2.860,8.130,14.076,23.154,11.314,2.762,2.973,5.068,5.306,7.699,12.087,0.724,6.188,5.308,13.248,2.946,8.529,3.863,2.973,2.714,0.674,8.728,1.527,6.166,12.109,0.823,6.745,6.988,2.378,6.069,2.844,3.033,6.289,6.264,3.818,6.059,4.648,11.243,16.595,5.852,8.965,1.428
0.368,2.086,2.081,0.877,0.942,0.171,0.734,0.357,1.226,0.599,0.055,0.373,0.259,0.214,0.498,0.372,0.366,0.165,0.035,0.312,0.436,0.343,0.316,0.000,0.237,0.368,8.872,0.755,1.203,11.077,3.335,15.738,2.500,2.602,8.433,13.811,22.841,11.058,2.751,2.961,5.045,5.281,7.680,11.774,1.035,5.948,5.284,12.943,2.851,8.274,4.160,2.962,2.705,0.989,8.473,1.530,5.926,12.274,1.132,6.429,6.958,2.066,6.203,2.531,2.721,6.342,6.320,3.505,6.195,4.336,10.931,16.668,5.539,9.096,1.739
0.215,2.321,2.135,1.113,1.054,0.405,0.661,0.223,1.462,0.835,0.187,0.609,0.028,0.140,0.340,0.135,0.163,0.397,0.269,0.092,0.305,0.173,0.082,0.237,0.000,0.605,8.790,0.519,0.967,11.279,3.571,15.659,2.704,2.805,8.201,14.020,23.072,11.260,2.737,2.948,5.042,5.279,7.674,12.011,0.798,6.139,5.282,13.166,2.901,8.475,3.944,2.948,2.689,0.751,8.674,1.503,6.117,12.167,0.896,6.665,6.960,2.303,6.119,2.768,2.958,6.320,6.295,3.742,6.109,4.573,11.168,16.632,5.776,9.014,1.503
0.692,1.718,2.007,0.509,0.830,0.222,0.928,0.699,0.858,0.231,0.418,0.010,0.627,0.565,0.806,0.738,0.729,0.209,0.336,0.672,0.733,0.699,0.681,0.368,0.605,0.000,8.971,1.123,1.571,10.745,2.967,15.828,2.175,2.277,8.800,13.471,22.496,10.726,2.853,3.060,5.113,5.348,7.747,11.406,1.403,5.634,5.352,12.614,2.854,7.944,4.482,3.063,2.810,1.355,8.142,1.679,5.612,12.410,1.500,6.068,7.013,1.698,6.308,2.163,2.353,6.351,6.332,3.137,6.303,3.968,10.563,16.689,5.172,9.192,2.107
8.574,9.523,7.169,9.134,8.210,8.979,8.142,8.981,9.270,9.043,8.836,8.964,8.801,8.928,8.454,8.732,8.872,8.883,8.868,8.710,8.486,8.920,8.740,8.872,8.790,8.971,0.000,8.675,8.604,12.801,10.257,6.855,8.729,8.730,11.175,15.350,28.773,12.794,11.397,11.601,13.664,13.901,16.224,16.608,8.629,9.201,13.900,19.904,11.686,10.861,6.633,11.598,11.347,8.562,11.002,10.203,9.200,3.595,8.639,13.000,15.571,9.644,2.669,9.881,9.980,3.167,3.147,10.418,2.680,10.923,15.907,8.176,11.749,0.229,8.552
0.513,2.839,2.375,1.632,1.440,0.918,0.819,0.501,1.981,1.354,0.705,1.127,0.497,0.585,0.496,0.387,0.417,0.916,0.788,0.461,0.548,0.465,0.445,0.755,0.519,1.123,8.675,0.000,0.448,11.747,4.090,15.541,3.183,3.283,7.686,14.498,23.564,11.728,2.730,2.938,5.026,5.264,7.638,12.530,0.280,6.590,5.265,13.639,3.028,8.943,3.506,2.936,2.681,0.240,9.143,1.526,6.569,11.988,0.378,7.177,6.946,2.821,6.011,3.287,3.476,6.349,6.321,4.260,5.996,5.091,11.686,16.611,6.295,8.902,0.984
0.940,3.286,2.650,2.080,1.829,1.364,1.145,0.925,2.429,1.802,1.153,1.575,0.945,1.026,0.891,0.834,0.856,1.364,1.235,0.906,0.957,0.900,0.892,1.203,0.967,1.571,8.604,0.448,0.000,12.156,4.538,15.457,3.607,3.706,7.241,14.914,23.989,12.137,2.800,2.999,5.053,5.289,7.632,12.977,0.168,6.990,5.289,14.049,3.198,9.353,3.150,2.994,2.750,0.232,9.553,1.677,6.968,11.853,0.075,7.620,6.961,3.269,5.956,3.734,3.924,6.412,6.380,4.708,5.937,5.539,12.134,16.609,6.742,8.833,0.536
11.235,9.190,9.807,10.293,10.329,10.965,11.036,11.433,9.991,10.540,11.111,10.738,11.306,11.290,11.266,11.387,11.435,10.917,11.042,11.306,11.204,11.419,11.333,11.077,11.279,10.745,12.801,11.747,12.156,0.000,8.211,17.226,8.577,8.476,19.205,2.815,16.977,0.022,12.946,13.089,14.513,14.680,16.661,5.429,12.002,5.182,14.692,10.607,12.434,2.804,13.854,13.100,12.926,11.925,2.605,12.171,5.202,15.858,12.101,7.024,15.923,9.280,11.683,8.899,8.745,10.111,10.159,8.124,11.734,7.499,5.219,16.004,6.703,12.874,12.650
3.627,1.258,3.410,2.458,3.009,3.178,3.661,3.644,2.109,2.736,3.384,2.963,3.593,3.522,3.715,3.704,3.691,3.174,3.302,3.634,3.641,3.655,3.646,3.335,3.571,2.967,10.257,4.090,4.538,8.211,0.000,16.858,1.562,1.543,11.757,10.817,19.728,8.190,4.738,4.879,6.425,6.615,8.807,8.441,4.369,3.546,6.625,10.045,4.239,5.494,7.248,4.890,4.718,4.319,5.679,4.055,3.523,13.848,4.467,3.205,8.043,1.269,7.796,0.806,0.617,7.188,7.193,0.188,7.813,1.005,7.598,17.179,2.209,10.453,5.074
15.443,16.259,13.969,15.968,15.050,15.842,15.008,15.851,16.082,15.890,15.702,15.820,15.670,15.797,15.322,15.601,15.741,15.745,15.733,15.578,15.353,15.790,15.609,15.738,15.659,15.828,6.855,15.541,15.457,17.226,16.858,0.000,15.391,15.376,16.706,19.220,34.074,17.226,18.264,18.467,20.524,20.759,23.065,21.976,15.488,15.074,20.758,25.994,18.563,16.098,13.200,18.463,18.214,15.423,16.184,17.073,15.081,3.902,15.495,19.299,22.426,16.388,9.527,16.579,16.658,9.674,9.675,17.003,9.538,17.398,21.398,3.186,18.055,6.630,15.375
2.672,1.009,1.887,1.755,1.818,2.392,2.537,2.856,1.507,1.980,2.534,2.166,2.731,2.714,2.717,2.815,2.858,2.341,2.465,2.735,2.650,2.842,2.760,2.500,2.704,2.175,8.729,3.183,3.607,8.577,1.562,15.391,0.000,0.102,10.806,11.317,21.173,8.558,4.726,4.911,6.781,6.999,9.337,9.631,3.447,3.463,7.006,11.579,4.456,5.774,5.929,4.918,4.693,3.375,5.973,3.722,3.440,12.312,3.548,4.673,8.576,1.155,6.240,1.198,1.263,5.707,5.707,1.740,6.255,2.425,8.799,15.845,3.543,8.929,4.122
2.771,1.078,1.941,1.856,1.912,2.494,2.631,2.958,1.606,2.082,2.635,2.268,2.832,2.815,2.815,2.915,2.960,2.443,2.567,2.835,2.749,2.943,2.860,2.602,2.805,2.277,8.730,3.283,3.706,8.476,1.543,15.376,0.102,0.000,10.901,11.217,21.115,8.457,4.821,5.004,6.867,7.085,9.418,9.553,3.546,3.361,7.092,11.540,4.544,5.672,6.006,5.012,4.788,3.474,5.871,3.822,3.339,12.315,3.647,4.624,8.656,1.223,6.254,1.232,1.284,5.694,5.695,1.716,6.270,2.379,8.722,15.810,3.483,8.928,4.220
8.177,10.517,9.398,9.307,8.989,8.584,8.270,8.114,9.654,9.030,8.386,8.805,8.177,8.238,8.111,8.072,8.071,8.597,8.467,8.146,8.182,8.105,8.130,8.433,8.201,8.800,11.175,7.686,7.241,19.205,11.757,16.706,10.806,10.901,0.000,22.003,30.688,19.187,8.049,8.077,8.744,8.853,9.934,20.172,7.408,14.032,8.841,20.614,8.819,16.429,5.578,8.062,8.029,7.468,16.629,7.972,14.013,12.824,7.308,14.720,9.749,10.489,9.542,10.951,11.140,10.988,10.933,11.920,9.488,12.748,19.328,18.965,13.944,11.365,6.708
13.986,11.869,12.609,13.005,13.093,13.692,13.805,14.164,12.692,13.260,13.847,13.464,14.046,14.023,14.023,14.131,14.172,13.650,13.776,14.051,13.959,14.154,14.076,13.811,14.020,13.471,15.350,14.498,14.914,2.815,10.817,19.220,11.317,11.217,22.003,0.000,15.641,2.831,15.541,15.671,16.961,17.113,18.961,5.715,14.758,7.973,17.125,11.035,14.984,5.578,16.668,15.683,15.524,14.682,5.377,14.838,7.992,18.227,14.858,9.142,18.245,11.948,14.407,11.545,11.381,12.803,12.853,10.712,14.460,10.020,5.925,17.647,9.085,15.403,15.416
23.187,20.931,23.053,22.018,22.716,22.670,23.320,23.068,21.688,22.279,22.896,22.495,23.087,22.982,23.298,23.206,23.148,22.701,22.815,23.153,23.223,23.099,23.154,22.841,23.072,22.496,28.773,23.564,23.989,16.977,19.728,34.074,21.173,21.115,30.688,15.641,0.000,16.973,22.648,22.628,22.406,22.386,22.664,12.204,23.829,19.603,22.401,10.088,21.878,18.069,26.936,22.642,22.668,23.804,17.961,22.831,19.605,32.196,23.914,16.526,22.331,20.894,26.869,20.454,20.276,25.674,25.705,19.541,26.903,18.766,12.885,32.980,17.638,28.906,24.498
11.216,9.170,9.790,10.273,10.311,10.946,11.017,11.413,9.972,10.521,11.091,10.718,11.287,11.271,11.247,11.368,11.416,10.898,11.023,11.287,11.186,11.400,11.314,11.058,11.260,10.726,12.794,11.728,12.137,0.022,8.190,17.226,8.558,8.457,19.187,2.831,16.973,0.000,12.925,13.068,14.492,14.659,16.639,5.417,11.983,5.164,14.670,10.592,12.413,2.786,13.838,13.079,12.905,11.906,2.586,12.151,5.184,15.853,12.083,7.002,15.902,9.260,11.672,8.878,8.724,10.101,10.149,8.103,11.723,7.478,5.205,16.009,6.681,12.867,12.631
2.940,3.859,4.829,3.059,3.665,2.723,3.391,2.518,3.230,2.936,2.765,2.863,2.717,2.614,3.038,2.752,2.614,2.821,2.771,2.797,3.029,2.576,2.762,2.751,2.737,2.853,11.397,2.730,2.800,12.946,4.738,18.264,4.726,4.821,8.049,15.541,22.648,12.925,0.000,0.211,2.307,2.544,4.936,12.570,2.764,8.079,2.546,12.568,0.770,10.209,5.647,0.212,0.050,2.831,10.398,1.234,8.056,14.657,2.759,7.056,4.227,3.743,8.737,4.070,4.212,9.050,9.025,4.834,8.720,5.538,11.741,19.349,6.595,11.625,2.968
3.151,4.030,5.039,3.257,3.873,2.932,3.602,2.729,3.420,3.139,2.976,3.069,2.928,2.825,3.249,2.963,2.825,3.030,2.981,3.008,3.240,2.787,2.973,2.961,2.948,3.060,11.601,2.938,2.999,13.089,4.879,18.467,4.911,5.004,8.077,15.671,22.628,13.068,0.211,0.000,2.096,2.334,4.725,12.636,2.967,8.247,2.336,12.544,0.781,10.360,5.812,0.015,0.259,3.035,10.548,1.445,8.224,14.853,2.960,7.128,4.016,3.912,8.942,4.227,4.365,9.261,9.236,4.970,8.925,5.660,11.810,19.559,6.700,11.829,3.153
5.247,5.822,7.113,5.246,5.939,5.003,5.698,4.824,5.353,5.167,5.063,5.123,5.023,4.917,5.345,5.059,4.920,5.103,5.063,5.104,5.335,4.882,5.068,5.045,5.042,5.113,13.664,5.026,5.053,14.513,6.425,20.524,6.781,6.867,8.744,16.961,22.406,14.492,2.307,2.096,0.000,0.238,2.635,13.340,5.037,9.940,0.240,12.379,2.330,11.882,7.631,2.097,2.355,5.110,12.059,3.541,9.917,16.860,5.020,8.008,1.920,5.688,11.013,5.911,6.012,11.360,11.334,6.471,10.995,7.021,12.550,21.662,7.880,13.893,5.133
5.484,6.036,7.348,5.475,6.174,5.239,5.936,5.062,5.578,5.399,5.300,5.358,5.260,5.155,5.583,5.297,5.158,5.339,5.299,5.342,5.573,5.120,5.306,5.281,5.279,5.348,13.901,5.264,5.289,14.680,6.615,20.759,6.999,7.085,8.853,17.113,22.386,14.659,2.544,2.334,0.238,0.000,2.399,13.432,5.274,10.138,0.015,12.375,2.554,12.062,7.849,2.335,2.593,5.347,12.238,3.779,10.115,17.092,5.257,8.130,1.682,5.900,11.250,6.116,6.213,11.599,11.573,6.657,11.231,7.193,12.648,21.901,8.033,14.130,5.365
7.877,8.352,9.749,7.862,8.574,7.639,8.329,7.455,7.949,7.794,7.698,7.757,7.655,7.551,7.973,7.688,7.550,7.739,7.699,7.735,7.966,7.513,7.699,7.680,7.674,7.747,16.224,7.638,7.632,16.661,8.807,23.065,9.337,9.418,9.934,18.961,22.664,16.639,4.936,4.725,2.635,2.399,0.000,14.821,7.630,12.353,2.395,12.924,4.930,14.143,9.976,4.725,4.983,7.707,14.309,6.171,12.330,19.339,7.606,9.839,0.765,8.213,13.589,8.386,8.464,13.990,13.963,8.824,13.568,9.265,14.089,24.282,9.961,16.454,7.656
12.066,9.696,11.424,10.898,11.381,11.615,12.070,12.076,10.549,11.176,11.824,11.402,12.033,11.958,12.151,12.144,12.128,11.614,11.742,12.075,12.077,12.090,12.087,11.774,12.011,11.406,16.608,12.530,12.977,5.429,8.441,21.976,9.631,9.553,20.172,5.715,12.204,5.417,12.570,12.636,13.340,13.432,14.821,0.000,12.809,7.475,13.446,5.348,11.862,5.888,15.559,12.650,12.571,12.759,5.793,12.276,7.479,20.016,12.906,5.520,14.191,9.708,14.819,9.243,9.053,13.536,13.570,8.269,14.858,7.439,0.844,21.118,6.236,16.735,13.514
0.777,3.118,2.542,1.912,1.680,1.196,1.012,0.762,2.261,1.633,0.985,1.407,0.776,0.860,0.736,0.666,0.689,1.195,1.067,0.739,0.799,0.734,0.724,1.035,0.798,1.403,8.629,0.280,0.168,12.002,4.369,15.488,3.447,3.546,7.408,14.758,23.829,11.983,2.764,2.967,5.037,5.274,7.630,12.809,0.000,6.839,5.275,13.894,3.127,9.199,3.282,2.964,2.715,0.092,9.398,1.606,6.818,11.903,0.101,7.453,6.951,3.101,5.974,3.566,3.756,6.386,6.355,4.540,5.956,5.371,11.966,16.609,6.574,8.857,0.705
6.079,4.222,4.641,5.214,5.161,5.849,5.861,6.305,4.943,5.443,5.978,5.626,6.167,6.162,6.103,6.240,6.298,5.793,5.913,6.159,6.044,6.286,6.188,5.948,6.139,5.634,9.201,6.590,6.990,5.182,3.546,15.074,3.463,3.361,14.032,7.973,19.603,5.164,8.079,8.247,9.940,10.138,12.353,7.475,6.839,0.000,10.148,10.905,7.688,2.397,8.760,8.256,8.051,6.759,2.597,7.161,0.024,12.697,6.938,4.416,11.589,4.337,7.354,4.042,3.930,6.081,6.113,3.538,7.394,3.277,6.736,14.818,3.297,9.343,7.476
5.486,6.043,7.352,5.481,6.177,5.243,5.938,5.064,5.584,5.403,5.302,5.361,5.263,5.157,5.585,5.299,5.160,5.342,5.302,5.344,5.575,5.122,5.308,5.284,5.282,5.352,13.900,5.265,5.289,14.692,6.625,20.758,7.006,7.092,8.841,17.125,22.401,14.670,2.546,2.336,0.240,0.015,2.395,13.446,5.275,10.148,0.000,12.390,2.560,12.072,7.844,2.336,2.594,5.348,12.248,3.781,10.124,17.089,5.257,8.143,1.681,5.908,11.250,6.124,6.222,11.600,11.575,6.667,11.231,7.204,12.662,21.902,8.045,14.129,5.363
13.301,11.164,13.452,12.162,12.939,12.771,13.485,13.139,11.849,12.408,12.998,12.614,13.179,13.065,13.419,13.298,13.227,12.813,12.919,13.251,13.347,13.175,13.248,12.943,13.166,12.614,19.904,13.639,14.049,10.607,10.045,25.994,11.579,11.540,20.614,11.035,10.088,10.592,12.568,12.544,12.379,12.375,12.924,5.348,13.894,10.905,12.390,0.000,11.798,10.232,17.092,12.559,12.589,13.878,10.214,12.799,10.899,23.480,13.974,6.957,12.496,11.105,17.668,10.695,10.530,16.737,16.757,9.859,17.693,9.168,5.388,25.577,8.189,20.072,14.541
3.116,3.513,4.861,2.932,3.685,2.778,3.559,2.703,3.024,2.878,2.880,2.864,2.888,2.765,3.232,2.951,2.811,2.879,2.863,2.978,3.205,2.763,2.946,2.851,2.901,2.854,11.686,3.028,3.198,12.434,4.239,18.563,4.456,4.544,8.819,14.984,21.878,12.413,0.770,0.781,2.330,2.554,4.930,11.862,3.127,7.688,2.560,11.798,0.000,9.733,6.208,0.796,0.791,3.177,9.917,1.521,7.664,15.023,3.144,6.360,4.182,3.383,9.014,3.646,3.766,9.192,9.171,4.314,9.002,4.966,11.038,19.532,5.970,11.912,3.465
8.431,6.412,7.038,7.496,7.527,8.163,8.235,8.630,7.199,7.741,8.307,7.936,8.503,8.487,8.463,8.583,8.631,8.115,8.239,8.502,8.401,8.616,8.529,8.274,8.475,7.944,10.861,8.943,9.353,2.804,5.494,16.098,5.774,5.672,16.429,5.578,18.069,2.786,10.209,10.360,11.882,12.062,14.143,5.888,9.199,2.397,12.072,10.232,9.733,0.000,11.139,10.371,10.186,9.121,0.200,9.392,2.416,14.183,9.298,4.965,13.391,6.507,9.363,6.143,5.998,7.910,7.951,5.426,9.409,4.883,5.301,15.378,4.301,10.970,9.849
3.798,6.019,4.188,4.939,4.239,4.330,3.624,4.001,5.261,4.688,4.105,4.481,3.934,4.055,3.677,3.816,3.902,4.285,4.182,3.856,3.749,3.957,3.863,4.160,3.944,4.482,6.633,3.506,3.150,13.854,7.248,13.200,5.929,6.006,5.578,16.668,26.936,13.838,5.647,5.812,7.631,7.849,9.976,15.559,3.282,8.760,7.844,17.092,6.208,11.139,0.000,5.803,5.601,3.277,11.336,4.738,8.744,9.394,3.221,10.445,9.413,6.052,4.361,6.496,6.678,5.568,5.517,7.433,4.316,8.238,14.727,14.814,9.421,6.856,2.761
3.151,4.039,5.041,3.262,3.876,2.934,3.602,2.729,3.426,3.143,2.977,3.073,2.929,2.826,3.248,2.963,2.824,3.032,2.983,3.008,3.240,2.787,2.973,2.962,2.948,3.063,11.598,2.936,2.994,13.100,4.890,18.463,4.918,5.012,8.062,15.683,22.642,13.079,0.212,0.015,2.097,2.335,4.725,12.650,2.964,8.256,2.336,12.559,0.796,10.371,5.803,0.000,0.259,3.032,10.558,1.445,8.233,14.847,2.956,7.142,4.017,3.920,8.938,4.237,4.375,9.261,9.235,4.981,8.922,5.672,11.824,19.557,6.713,11.825,3.146
2.893,3.830,4.784,3.021,3.620,2.679,3.344,2.471,3.195,2.896,2.719,2.820,2.670,2.567,2.990,2.704,2.566,2.776,2.725,2.750,2.981,2.528,2.714,2.705,2.689,2.810,11.347,2.681,2.750,12.926,4.718,18.214,4.693,4.788,8.029,15.524,22.668,12.905,0.050,0.259,2.355,2.593,4.983,12.571,2.715,8.051,2.594,12.589,0.791,10.186,5.601,0.259,0.000,2.781,10.375,1.187,8.028,14.607,2.709,7.055,4.275,3.716,8.687,4.046,4.189,9.002,8.977,4.816,8.670,5.524,11.741,19.300,6.586,11.575,2.919
0.710,3.065,2.450,1.863,1.599,1.154,0.924,0.740,2.211,1.585,0.937,1.358,0.731,0.825,0.660,0.617,0.657,1.146,1.020,0.685,0.725,0.706,0.674,0.989,0.751,1.355,8.562,0.240,0.232,11.925,4.319,15.423,3.375,3.474,7.468,14.682,23.804,11.906,2.831,3.035,5.110,5.347,7.707,12.759,0.092,6.759,5.348,13.878,3.177,9.121,3.277,3.032,2.781,0.000,9.321,1.660,6.738,11.845,0.180,7.415,7.025,3.052,5.904,3.517,3.707,6.303,6.273,4.491,5.887,5.322,11.916,16.533,6.526,8.790,0.760
8.630,6.605,7.238,7.693,7.727,8.362,8.435,8.829,7.395,7.939,8.506,8.135,8.702,8.686,8.662,8.782,8.830,8.313,8.438,8.702,8.600,8.814,8.728,8.473,8.674,8.142,11.002,9.143,9.553,2.605,5.679,16.184,5.973,5.871,16.629,5.377,17.961,2.586,10.398,10.548,12.059,12.238,14.309,5.793,9.398,2.597,12.248,10.214,9.917,0.200,11.336,10.558,10.375,9.321,0.000,9.586,2.616,14.307,9.498,5.073,13.558,6.700,9.532,6.334,6.187,8.068,8.110,5.608,9.578,5.054,5.227,15.426,4.444,11.108,10.049
1.706,2.982,3.611,1.978,2.461,1.522,2.157,1.284,2.220,1.802,1.540,1.689,1.483,1.383,1.804,1.518,1.379,1.616,1.553,1.563,1.794,1.341,1.527,1.530,1.503,1.679,10.203,1.526,1.677,12.171,4.055,17.073,3.722,3.822,7.972,14.838,22.831,12.151,1.234,1.445,3.541,3.779,6.171,12.276,1.606,7.161,3.781,12.799,1.521,9.392,4.738,1.445,1.187,1.660,9.586,0.000,7.139,13.509,1.623,6.777,5.461,2.894,7.537,3.297,3.466,7.816,7.791,4.186,7.522,4.970,11.436,18.117,6.118,10.430,1.977
6.058,4.199,4.623,5.191,5.140,5.827,5.840,6.283,4.920,5.420,5.956,5.603,6.145,6.140,6.082,6.218,6.276,5.771,5.891,6.138,6.023,6.265,6.166,5.926,6.117,5.612,9.200,6.569,6.968,5.202,3.523,15.081,3.440,3.339,14.013,7.992,19.605,5.184,8.056,8.224,9.917,10.115,12.330,7.479,6.818,0.024,10.124,10.899,7.664,2.416,8.744,8.233,8.028,6.738,2.616,7.139,0.000,12.698,6.916,4.403,11.566,4.313,7.348,4.019,3.906,6.079,6.111,3.515,7.388,3.256,6.740,14.830,3.281,9.343,7.455
11.953,13.081,10.696,12.617,11.684,12.395,11.540,12.343,12.778,12.503,12.233,12.404,12.175,12.306,11.826,12.094,12.230,12.303,12.274,12.081,11.866,12.282,12.109,12.274,12.167,12.410,3.595,11.988,11.853,15.858,13.848,3.902,12.312,12.315,12.824,18.227,32.196,15.853,14.657,14.853,16.860,17.092,19.339,20.016,11.903,12.697,17.089,23.480,15.023,14.183,9.394,14.847,14.607,11.845,14.307,13.509,12.698,0.000,11.898,16.591,18.730,13.197,6.130,13.452,13.557,6.747,6.730,14.011,6.127,14.521,19.345,6.316,15.339,3.413,11.715
0.878,3.217,2.623,2.009,1.777,1.292,1.103,0.851,2.358,1.731,1.083,1.504,0.874,0.953,0.835,0.765,0.782,1.293,1.165,0.838,0.899,0.826,0.823,1.132,0.896,1.500,8.639,0.378,0.075,12.101,4.467,15.495,3.548,3.647,7.308,14.858,23.914,12.083,2.759,2.960,5.020,5.257,7.606,12.906,0.101,6.938,5.257,13.974,3.144,9.298,3.221,2.956,2.709,0.180,9.498,1.623,6.916,11.898,0.000,7.546,6.931,3.198,5.988,3.663,3.853,6.425,6.394,4.637,5.970,5.468,12.063,16.634,6.671,8.867,0.608
6.753,4.428,6.560,5.569,6.208,6.261,6.838,6.698,5.227,5.841,6.482,6.065,6.684,6.594,6.854,6.801,6.764,6.277,6.399,6.739,6.779,6.720,6.745,6.429,6.665,6.068,13.000,7.177,7.620,7.024,3.205,19.299,4.673,4.624,14.720,9.142,16.526,7.002,7.056,7.128,8.008,8.130,9.839,5.520,7.453,4.416,8.143,6.957,6.360,4.965,10.445,7.142,7.055,7.415,5.073,6.777,4.403,16.591,7.546,0.000,9.137,4.405,10.715,3.952,3.768,9.841,9.857,3.018,10.740,2.249,4.687,19.219,1.252,13.176,8.150
7.166,7.589,9.019,7.116,7.842,6.911,7.618,6.743,7.196,7.054,6.977,7.023,6.942,6.835,7.266,6.980,6.841,7.011,6.975,7.023,7.255,6.802,6.988,6.958,6.960,7.013,15.571,6.946,6.961,15.923,8.043,22.426,8.576,8.656,9.749,18.245,22.331,15.902,4.227,4.016,1.920,1.682,0.765,14.191,6.951,11.589,1.681,12.496,4.182,13.391,9.413,4.017,4.275,7.025,13.558,5.461,11.566,18.730,6.931,9.137,0.000,7.449,12.925,7.620,7.699,13.284,13.258,8.062,12.905,8.510,13.447,23.594,9.225,15.800,7.014
2.365,0.145,2.519,1.189,1.836,1.908,2.434,2.375,0.840,1.467,2.116,1.694,2.324,2.253,2.458,2.436,2.422,1.906,2.034,2.367,2.383,2.386,2.378,2.066,2.303,1.698,9.644,2.821,3.269,9.280,1.269,16.388,1.155,1.223,10.489,11.948,20.894,9.260,3.743,3.912,5.688,5.900,8.213,9.708,3.101,4.337,5.908,11.105,3.383,6.507,6.052,3.920,3.716,3.052,6.700,2.894,4.313,13.197,3.198,4.405,7.449,0.000,7.072,0.465,0.655,6.712,6.707,1.439,7.080,2.270,8.865,16.938,3.474,9.851,3.805
5.903,6.959,4.564,6.489,5.560,6.311,5.472,6.310,6.643,6.387,6.166,6.301,6.130,6.257,5.783,6.061,6.201,6.216,6.198,6.039,5.815,6.250,6.069,6.203,6.119,6.308,2.669,6.011,5.956,11.683,7.796,9.527,6.240,6.254,9.542,14.407,26.869,11.672,8.737,8.942,11.013,11.250,13.589,14.819,5.974,7.354,11.250,17.668,9.014,9.363,4.361,8.938,8.687,5.904,9.532,7.537,7.348,6.130,5.988,10.715,12.925,7.072,0.000,7.345,7.461,1.670,1.614,7.968,0.058,8.549,14.064,10.683,9.482,2.893,5.937
2.829,0.477,2.834,1.655,2.265,2.373,2.887,2.838,1.306,1.933,2.581,2.159,2.790,2.717,2.922,2.901,2.886,2.371,2.499,2.832,2.846,2.850,2.844,2.531,2.768,2.163,9.881,3.287,3.734,8.899,0.806,16.579,1.198,1.232,10.951,11.545,20.454,8.878,4.070,4.227,5.911,6.116,8.386,9.243,3.566,4.042,6.124,10.695,3.646,6.143,6.496,4.237,4.046,3.517,6.334,3.297,4.019,13.452,3.663,3.952,7.620,0.465,7.345,0.000,0.190,6.892,6.890,0.974,7.357,1.805,8.400,17.046,3.009,10.084,4.271
3.018,0.660,2.972,1.844,2.444,2.562,3.072,3.027,1.495,2.122,2.771,2.349,2.979,2.907,3.110,3.091,3.076,2.561,2.689,3.022,3.035,3.039,3.033,2.721,2.958,2.353,9.980,3.476,3.924,8.745,0.617,16.658,1.263,1.284,11.140,11.381,20.276,8.724,4.212,4.365,6.012,6.213,8.464,9.053,3.756,3.930,6.222,10.530,3.766,5.998,6.678,4.375,4.189,3.707,6.187,3.466,3.906,13.557,3.853,3.768,7.699,0.655,7.461,0.190,0.000,6.971,6.971,0.784,7.473,1.615,8.210,17.091,2.819,10.182,4.460
6.111,6.581,4.385,6.403,5.532,6.412,5.660,6.534,6.472,6.371,6.317,6.342,6.337,6.449,6.011,6.297,6.436,6.311,6.329,6.254,6.022,6.476,6.289,6.342,6.320,6.351,3.167,6.349,6.412,10.111,7.188,9.674,5.707,5.694,10.988,12.803,25.674,10.101,9.050,9.261,11.360,11.599,13.990,13.536,6.386,6.081,11.600,16.737,9.192,7.910,5.568,9.261,9.002,6.303,8.068,7.816,6.079,6.747,6.425,9.841,13.284,6.712,1.670,6.892,6.971,0.000,0.057,7.340,1.727,7.798,12.812,10.323,8.589,3.336,6.529
6.087,6.576,4.370,6.388,5.514,6.391,5.635,6.510,6.460,6.354,6.294,6.323,6.313,6.425,5.985,6.271,6.411,6.291,6.307,6.229,5.997,6.451,6.264,6.320,6.295,6.332,3.147,6.321,6.380,10.159,7.193,9.675,5.707,5.695,10.933,12.853,25.705,10.149,9.025,9.236,11.334,11.573,13.963,13.570,6.355,6.113,11.575,16.757,9.171,7.951,5.517,9.235,8.977,6.273,8.110,7.791,6.111,6.730,6.394,9.857,13.258,6.707,1.614,6.890,6.971,0.057,0.000,7.346,1.671,7.808,12.845,10.342,8.606,3.318,6.494
3.801,1.435,3.595,2.628,3.194,3.346,3.843,3.810,2.279,2.907,3.555,3.133,3.763,3.690,3.892,3.875,3.860,3.345,3.473,3.806,3.817,3.822,3.818,3.505,3.742,3.137,10.418,4.260,4.708,8.124,0.188,17.003,1.740,1.716,11.920,10.712,19.541,8.103,4.834,4.970,6.471,6.657,8.824,8.269,4.540,3.538,6.667,9.859,4.314,5.426,7.433,4.981,4.816,4.491,5.608,4.186,3.515,14.011,4.637,3.018,8.062,1.439,7.968,0.974,0.784,7.340,7.346,0.000,7.984,0.831,7.426,17.300,2.035,10.612,5.244
5.893,6.968,4.570,6.489,5.559,6.304,5.463,6.299,6.645,6.384,6.157,6.296,6.120,6.247,5.773,6.050,6.189,6.209,6.191,6.028,5.805,6.238,6.059,6.195,6.109,6.303,2.680,5.996,5.937,11.734,7.813,9.538,6.255,6.270,9.488,14.460,26.903,11.723,8.720,8.925,10.995,11.231,13.568,14.858,5.956,7.394,11.231,17.693,9.002,9.409,4.316,8.922,8.670,5.887,9.578,7.522,7.388,6.127,5.970,10.740,12.905,7.080,0.058,7.357,7.473,1.727,1.671,7.984,0.000,8.570,14.101,10.710,9.508,2.905,5.913
4.631,2.263,4.311,3.459,4.003,4.177,4.664,4.639,3.110,3.737,4.386,3.964,4.594,4.520,4.721,4.706,4.690,4.176,4.304,4.637,4.646,4.652,4.648,4.336,4.573,3.968,10.923,5.091,5.539,7.499,1.005,17.398,2.425,2.379,12.748,10.020,18.766,7.478,5.538,5.660,7.021,7.193,9.265,7.439,5.371,3.277,7.204,9.168,4.966,4.883,8.238,5.672,5.524,5.322,5.054,4.970,3.256,14.521,5.468,2.249,8.510,2.270,8.549,1.805,1.615,7.798,7.808,0.831,8.570,0.000,6.595,17.555,1.204,11.110,6.075
11.223,8.854,10.601,10.054,10.543,10.771,11.230,11.232,9.705,10.332,10.981,10.559,11.189,11.114,11.309,11.301,11.284,10.771,10.899,11.232,11.235,11.246,11.243,10.931,11.168,10.563,15.907,11.686,12.134,5.219,7.598,21.398,8.799,8.722,19.328,5.925,12.885,5.205,11.741,11.810,12.550,12.648,14.089,0.844,11.966,6.736,12.662,5.388,11.038,5.301,14.727,11.824,11.741,11.916,5.227,11.436,6.740,19.345,12.063,4.687,13.447,8.865,14.064,8.400,8.210,12.812,12.845,7.426,14.101,6.595,0.000,20.636,5.392,16.040,12.670
16.419,16.798,14.712,16.734,15.868,16.745,15.968,16.842,16.785,16.708,16.640,16.680,16.648,16.764,16.311,16.598,16.739,16.644,16.656,16.561,16.329,16.782,16.595,16.668,16.632,16.689,8.176,16.611,16.609,16.004,17.179,3.186,15.845,15.810,18.965,17.647,32.980,16.009,19.349,19.559,21.662,21.901,24.282,21.118,16.609,14.818,21.902,25.577,19.532,15.378,14.814,19.557,19.300,16.533,15.426,18.117,14.830,6.316,16.634,19.219,23.594,16.938,10.683,17.046,17.091,10.323,10.342,17.300,10.710,17.555,20.636,0.000,18.021,7.951,16.626
5.836,3.467,5.422,4.663,5.193,5.380,5.862,5.841,4.314,4.941,5.590,5.168,5.798,5.723,5.925,5.910,5.893,5.380,5.507,5.841,5.850,5.854,5.852,5.539,5.776,5.172,11.749,6.295,6.742,6.703,2.209,18.055,3.543,3.483,13.944,9.085,17.638,6.681,6.595,6.700,7.880,8.033,9.961,6.236,6.574,3.297,8.045,8.189,5.970,4.301,9.421,6.713,6.586,6.526,4.444,6.118,3.281,15.339,6.671,1.252,9.225,3.474,9.482,3.009,2.819,8.589,8.606,2.035,9.508,1.204,5.392,18.021,0.000,11.924,7.279
8.799,9.729,7.382,9.351,8.428,9.201,8.366,9.206,9.485,9.262,9.059,9.185,9.026,9.153,8.679,8.957,9.097,9.105,9.091,8.934,8.710,9.145,8.965,9.096,9.014,9.192,0.229,8.902,8.833,12.874,10.453,6.630,8.929,8.928,11.365,15.403,28.906,12.867,11.625,11.829,13.893,14.130,16.454,16.735,8.857,9.343,14.129,20.072,11.912,10.970,6.856,11.825,11.575,8.790,11.108,10.430,9.343,3.413,8.867,13.176,15.800,9.851,2.893,10.084,10.182,3.336,3.318,10.612,2.905,11.110,16.040,7.951,11.924,0.000,8.781
1.469,3.823,3.036,2.616,2.323,1.900,1.615,1.452,2.965,2.338,1.690,2.112,1.481,1.559,1.408,1.371,1.389,1.900,1.772,1.442,1.477,1.431,1.428,1.739,1.503,2.107,8.552,0.984,0.536,12.650,5.074,15.375,4.122,4.220,6.708,15.416,24.498,12.631,2.968,3.153,5.133,5.365,7.656,13.514,0.705,7.476,5.363,14.541,3.465,9.849,2.761,3.146,2.919,0.760,10.049,1.977,7.455,11.715,0.608,8.150,7.014,3.805,5.937,4.271,4.460,6.529,6.494,5.244,5.913,6.075,12.670,16.626,7.279,8.781,0.000
